1.001386300000000062e+01 5.776110099999999647e+01 8.092893999999999366e+00
1.159715600000000002e+01 3.054607000000000028e+01 -2.674465800000000115e+01
1.153214000000000006e+01 4.964645000000000152e+01 -2.465426400000000129e+01
7.041743999999999559e+00 4.290096700000000141e+01 -3.766726299999999839e+01
1.069839100000000087e+01 4.927322000000000202e+01 -3.779313700000000154e+01
4.212159999999999904e+00 4.385032999999999959e+01 -4.091206400000000087e+01
9.038975000000000648e+00 1.698940100000000086e+01 1.550548799999999972e+01
1.120746800000000043e+01 5.382293700000000314e+01 2.191794799999999910e+01
1.006762699999999988e+01 6.065902299999999769e+01 2.269496699999999834e+01
6.766036999999999857e+00 3.740440799999999655e+01 2.742513299999999887e+01
7.787885000000000169e+00 6.650646999999999309e+01 3.270013800000000259e+01
4.684775000000000134e+00 7.212050600000000600e+01 4.126155099999999720e+01
1.039125199999999971e+01 6.428127299999999877e+01 4.074753199999999964e+01
6.704248999999999903e+00 5.341749200000000286e+01 5.245532599999999945e+01
4.759356999999999616e+00 6.999141699999999844e+01 5.111119099999999804e+01
9.525022999999999129e+00 6.622107699999999397e+01 4.892091800000000035e+01
2.446670999999999818e+00 6.223998999999999882e+01 5.767496899999999727e+01
5.348627999999999716e+00 5.773651100000000014e+01 5.843856000000000250e+01
1.544794999999999918e+00 5.504262899999999803e+01 6.661638600000000565e+01
3.744807000000000219e+00 5.266704899999999867e+01 6.182664900000000330e+01
1.011193899999999957e+01 3.576894399999999763e+01 1.099232399999999998e+01
9.993451000000000306e+00 3.771226099999999803e+01 -1.655691699999999855e+01
1.001386300000000062e+01 4.255341700000000316e+01 2.671795499999999990e+01
9.988013999999999726e+00 5.695579099999999784e+01 4.220169400000000337e+01
1.001386300000000062e+01 5.860966100000000267e+01 5.122354500000000144e+01
1.259271799999999963e+01 7.890719599999999900e+01 5.061719899999999939e+01
5.973053000000000168e+00 3.428133400000000108e+01 -4.494327499999999986e+01
7.032498000000000360e+00 4.860599100000000305e+01 -4.094881800000000283e+01
9.982604999999999507e+00 5.875622200000000106e+01 -2.403714199999999934e+01
5.027300000000000324e+00 3.285218799999999817e+01 1.131833400000000012e+01
2.056372999999999784e+00 3.521441699999999742e+01 -2.304512199999999922e+01
6.829889999999999795e+00 3.480884900000000215e+01 -1.653699699999999950e+01
9.327533999999999992e+00 5.669153599999999926e+01 -3.771974600000000066e+01
3.520885999999999960e+00 4.237927200000000028e+01 -3.701364099999999979e+01
2.183787999999999840e+00 3.578107500000000130e+01 2.460130499999999998e+01
8.293067000000000633e+00 5.238698200000000327e+01 4.321888700000000227e+01
4.904160000000000075e+00 5.250738900000000342e+01 5.736422300000000263e+01
3.009860999999999898e+00 5.905904400000000010e+01 6.144435099999999750e+01
5.543529999999999625e+00 5.210198599999999658e+01 -4.148656499999999880e+01
7.071896999999999878e+00 3.233377099999999871e+01 -1.699138100000000051e+01
9.109835999999999601e+00 2.790766500000000150e+01 -3.426500699999999711e+01
4.500136999999999610e+00 2.759479699999999980e+01 -3.417827199999999976e+01
9.183166999999999192e+00 1.761896499999999932e+01 -3.624496500000000054e+01
6.974575999999999887e+00 2.807290599999999969e+01 -3.653064299999999776e+01
9.315205000000000624e+00 3.247755800000000193e+01 -1.812055000000000149e+01
3.702704000000000217e+00 3.435836400000000168e+01 -1.670686299999999846e+01
9.331922999999999746e+00 7.311106999999999800e+00 -3.494758199999999704e+01
7.013714000000000226e+00 1.631419899999999856e+01 -4.032749900000000309e+01
7.778813000000000422e+00 2.065461900000000028e+01 -3.046317700000000173e+01
4.783839999999999648e+00 1.592305900000000030e+01 -3.830822799999999972e+01
9.366554000000000713e+00 3.212086000000000219e+00 -3.298870099999999894e+01
8.628612999999999644e+00 1.579869700000000066e+01 -3.880707199999999801e+01
7.649886999999999659e+00 1.602657299999999907e+01 -3.331018100000000004e+01
4.976734999999999687e+00 1.774519000000000091e+01 -3.399772999999999712e+01
9.313169000000000253e+00 -1.024130000000000040e-01 -3.192571299999999823e+01
6.951198999999999906e+00 6.461365999999999943e+00 -3.243464300000000122e+01
6.932007999999999726e+00 1.045269999999999949e-01 -3.438924399999999792e+01
5.151371000000000144e+00 6.549991999999999592e+00 -3.348178500000000213e+01
4.537588000000000399e+00 4.365971000000000046e+00 -3.392058600000000013e+01
7.941847000000000101e+00 2.823030000000000261e-01 -2.776481400000000122e+01
5.585605000000000153e+00 2.351699999999999902e-01 -2.775012999999999863e+01
4.476759000000000377e+00 -1.217489999999999961e-01 -3.195676599999999823e+01
9.328464000000000311e+00 2.798152500000000131e+01 1.341404799999999931e+01
4.493070999999999593e+00 2.891602699999999970e+01 1.339273500000000006e+01
8.002938000000000329e+00 7.590977999999999781e+00 1.518616899999999958e+01
1.043364599999999953e+01 2.891602699999999970e+01 1.602314200000000000e+01
4.500369000000000064e+00 2.718168100000000109e+01 2.090412900000000107e+01
9.233382000000000644e+00 2.487216400000000149e+01 1.995532000000000039e+01
5.920657000000000281e+00 1.770919800000000066e+01 1.454999399999999987e+01
3.621433999999999820e+00 2.556486299999999900e+01 1.640061800000000147e+01
8.838431999999999178e+00 5.132270000000000110e+00 1.692633100000000113e+01
7.118914000000000186e+00 2.667821700000000007e+01 2.267499499999999912e+01
4.654186000000000156e+00 6.348670000000000258e+00 1.774112300000000175e+01
8.701712999999999809e+00 -4.465999999999999831e-02 1.720651600000000059e+01
6.961725000000000385e+00 5.765913000000000288e+00 2.081439999999999912e+01
8.523355000000000459e+00 5.926096000000000252e+00 1.867210599999999943e+01
5.668706000000000245e+00 5.087811000000000305e+00 1.625011999999999901e+01
4.907765000000000377e+00 -5.986699999999999661e-02 1.718273200000000145e+01
7.095157999999999632e+00 2.254069999999999963e-01 2.520933700000000144e+01
5.185274999999999856e+00 7.970580000000000442e-01 2.349223299999999881e+01
8.421673000000000187e+00 5.662169999999999703e-01 2.333242600000000166e+01
5.704151000000000415e+00 3.740671499999999838e+01 -6.623043800000000658e+01
8.622419999999999973e+00 2.513349699999999842e+01 -5.919959599999999966e+01
7.795182999999999751e+00 3.460714300000000065e+01 -6.465267199999999548e+01
6.508358000000000310e+00 2.122199200000000019e+01 -5.692985500000000343e+01
4.769795000000000229e+00 2.399551400000000001e+01 -7.808293899999999610e+01
6.403100000000000236e+00 1.783482700000000065e+01 -7.283945500000000095e+01
3.900367999999999835e+00 1.518362899999999982e+01 -6.995204200000000583e+01
2.598336000000000201e+00 1.847030099999999919e+01 -8.744199399999999400e+01
2.936005999999999894e+00 1.477407999999999966e+01 -8.600775099999999895e+01
-1.001386300000000062e+01 5.776110099999999647e+01 8.092893999999999366e+00
-1.159715600000000002e+01 3.054607000000000028e+01 -2.674465800000000115e+01
0.000000000000000000e+00 6.469488499999999931e+01 -2.560444299999999984e+01
0.000000000000000000e+00 3.572273599999999760e+01 -2.560443899999999928e+01
0.000000000000000000e+00 3.205350899999999825e+01 1.564267099999999999e+01
-1.153214000000000006e+01 4.964645000000000152e+01 -2.465426400000000129e+01
-7.041743999999999559e+00 4.290096700000000141e+01 -3.766726299999999839e+01
0.000000000000000000e+00 6.131727999999999668e+01 -3.766726299999999839e+01
-1.069836100000000023e+01 4.927322000000000202e+01 -3.779313700000000154e+01
-4.412906000000000439e+00 4.385032999999999959e+01 -4.091206400000000087e+01
-1.003730000000000039e-01 5.623549700000000229e+01 -4.087406200000000212e+01
-9.038975000000000648e+00 1.698940100000000086e+01 1.550548799999999972e+01
-1.120746800000000043e+01 5.382293700000000314e+01 2.191794799999999910e+01
-1.006765599999999949e+01 6.065902299999999769e+01 2.269496699999999834e+01
0.000000000000000000e+00 6.690525100000000691e+01 2.263035599999999903e+01
-6.766066999999999609e+00 3.740440799999999655e+01 2.742513299999999887e+01
-7.787885000000000169e+00 6.650646999999999309e+01 3.270013800000000259e+01
0.000000000000000000e+00 7.151919599999999377e+01 3.214674399999999821e+01
0.000000000000000000e+00 3.658388099999999810e+01 2.800248300000000157e+01
-4.684803999999999746e+00 7.212050600000000600e+01 4.126155099999999720e+01
-1.039125199999999971e+01 6.428127299999999877e+01 4.074753199999999964e+01
0.000000000000000000e+00 7.362648799999999483e+01 4.117245900000000347e+01
0.000000000000000000e+00 4.842514400000000308e+01 4.311630600000000157e+01
-6.704248999999999903e+00 5.341749200000000286e+01 5.245532599999999945e+01
-4.759356999999999616e+00 6.999141699999999844e+01 5.111119099999999804e+01
-9.525022999999999129e+00 6.622107699999999397e+01 4.892091800000000035e+01
0.000000000000000000e+00 5.189689299999999861e+01 5.240438100000000077e+01
-2.446670999999999818e+00 6.223998999999999882e+01 5.767496899999999727e+01
-5.348627999999999716e+00 5.773651100000000014e+01 5.843856000000000250e+01
0.000000000000000000e+00 5.601973000000000269e+01 6.662432900000000302e+01
-1.544823999999999975e+00 5.504262899999999803e+01 6.661638600000000565e+01
0.000000000000000000e+00 5.060954300000000217e+01 5.906501800000000202e+01
-3.744836999999999971e+00 5.266704899999999867e+01 6.182664900000000330e+01
0.000000000000000000e+00 6.155950500000000147e+01 5.860118099999999686e+01
-1.011193899999999957e+01 3.576894399999999763e+01 1.099232399999999998e+01
-9.993451000000000306e+00 3.771226099999999803e+01 -1.655691699999999855e+01
-1.001386300000000062e+01 4.255341700000000316e+01 2.671795499999999990e+01
-9.988013999999999726e+00 5.695579099999999784e+01 4.220169400000000337e+01
-1.001386300000000062e+01 5.860966100000000267e+01 5.122354500000000144e+01
0.000000000000000000e+00 5.372050500000000284e+01 6.662485499999999661e+01
-1.259271799999999963e+01 7.890719599999999900e+01 5.061719899999999939e+01
0.000000000000000000e+00 3.294377099999999814e+01 -4.374240100000000098e+01
-5.973023999999999667e+00 3.428133400000000108e+01 -4.494327499999999986e+01
-7.233244000000000007e+00 4.860599100000000305e+01 -4.094881800000000283e+01
0.000000000000000000e+00 5.150387200000000121e+01 -4.848358900000000204e+01
-9.982604999999999507e+00 5.875622200000000106e+01 -2.403714199999999934e+01
0.000000000000000000e+00 6.503400399999999593e+01 -1.484027999999999992e+01
0.000000000000000000e+00 3.289074300000000051e+01 -1.125108799999999931e+01
-5.027300000000000324e+00 3.285218799999999817e+01 1.131833400000000012e+01
-2.056372999999999784e+00 3.521441699999999742e+01 -2.304512199999999922e+01
0.000000000000000000e+00 6.405728100000000325e+01 8.092893000000000114e+00
-6.829889999999999795e+00 3.480884900000000215e+01 -1.653699699999999950e+01
-9.327533999999999992e+00 5.669153599999999926e+01 -3.771974600000000066e+01
-3.520856999999999903e+00 4.237927200000000028e+01 -3.701364099999999979e+01
-1.003730000000000039e-01 4.295481900000000053e+01 -4.080971499999999708e+01
0.000000000000000000e+00 6.622860000000000014e+01 1.603360599999999891e+01
-2.183787999999999840e+00 3.578107500000000130e+01 2.460130499999999998e+01
-8.293067000000000633e+00 5.238698200000000327e+01 4.321888700000000227e+01
0.000000000000000000e+00 7.123217800000000466e+01 5.118536000000000286e+01
-4.904160000000000075e+00 5.250738900000000342e+01 5.736422300000000263e+01
-3.009860999999999898e+00 5.905904400000000010e+01 6.144435099999999750e+01
-5.744277000000000299e+00 5.210198599999999658e+01 -4.148656499999999880e+01
-7.071896999999999878e+00 3.233377099999999871e+01 -1.699138100000000051e+01
-9.109835999999999601e+00 2.790766500000000150e+01 -3.426500699999999711e+01
-4.500136999999999610e+00 2.759479699999999980e+01 -3.417827199999999976e+01
-9.183166999999999192e+00 1.761896499999999932e+01 -3.624496500000000054e+01
-6.974547000000000274e+00 2.807290599999999969e+01 -3.653064299999999776e+01
-9.315205000000000624e+00 3.247755800000000193e+01 -1.812055000000000149e+01
-3.702704000000000217e+00 3.435836400000000168e+01 -1.670686299999999846e+01
-9.331894999999999385e+00 7.311106999999999800e+00 -3.494758199999999704e+01
-7.013684999999999725e+00 1.631419899999999856e+01 -4.032749900000000309e+01
-7.778813000000000422e+00 2.065461900000000028e+01 -3.046317700000000173e+01
-4.783839999999999648e+00 1.592305900000000030e+01 -3.830822799999999972e+01
-9.366526000000000352e+00 3.212086000000000219e+00 -3.298870099999999894e+01
-8.628612999999999644e+00 1.579869700000000066e+01 -3.880707199999999801e+01
-7.649886999999999659e+00 1.602657299999999907e+01 -3.331018100000000004e+01
-4.976707000000000214e+00 1.774519000000000091e+01 -3.399772999999999712e+01
-9.313140000000000640e+00 -1.024130000000000040e-01 -3.192571299999999823e+01
-6.951198999999999906e+00 6.461365999999999943e+00 -3.243464300000000122e+01
-6.932007999999999726e+00 1.045269999999999949e-01 -3.438924399999999792e+01
-5.151371000000000144e+00 6.549991999999999592e+00 -3.348178500000000213e+01
-4.537588000000000399e+00 4.365971000000000046e+00 -3.392058600000000013e+01
-7.941847000000000101e+00 2.823030000000000261e-01 -2.776481400000000122e+01
-5.585605000000000153e+00 2.351699999999999902e-01 -2.775012999999999863e+01
-4.476759000000000377e+00 -1.217489999999999961e-01 -3.195676599999999823e+01
-9.328464000000000311e+00 2.798152500000000131e+01 1.341404799999999931e+01
-4.493070999999999593e+00 2.891602699999999970e+01 1.339273500000000006e+01
-8.002966999999999942e+00 7.590977999999999781e+00 1.518616899999999958e+01
-1.043364599999999953e+01 2.891602699999999970e+01 1.602314200000000000e+01
-4.500369000000000064e+00 2.718168100000000109e+01 2.090412900000000107e+01
-9.233382000000000644e+00 2.487216400000000149e+01 1.995532000000000039e+01
-5.920657000000000281e+00 1.770919800000000066e+01 1.454999399999999987e+01
-3.621433999999999820e+00 2.556486299999999900e+01 1.640061800000000147e+01
-8.838431999999999178e+00 5.132270000000000110e+00 1.692633100000000113e+01
-7.118914000000000186e+00 2.667821700000000007e+01 2.267499499999999912e+01
-4.654214999999999769e+00 6.348670000000000258e+00 1.774112300000000175e+01
-8.701712999999999809e+00 -4.465999999999999831e-02 1.720651600000000059e+01
-6.961725000000000385e+00 5.765913000000000288e+00 2.081439999999999912e+01
-8.523355000000000459e+00 5.926096000000000252e+00 1.867210599999999943e+01
-5.668735999999999997e+00 5.087811000000000305e+00 1.625011999999999901e+01
-4.907765000000000377e+00 -5.986699999999999661e-02 1.718273200000000145e+01
-7.095157999999999632e+00 2.254069999999999963e-01 2.520933700000000144e+01
-5.185274999999999856e+00 7.970580000000000442e-01 2.349223299999999881e+01
-8.421673000000000187e+00 5.662169999999999703e-01 2.333242600000000166e+01
-5.704151000000000415e+00 3.740671499999999838e+01 -6.623043800000000658e+01
0.000000000000000000e+00 2.014969599999999872e+01 -5.650489799999999718e+01
-8.622419999999999973e+00 2.513349699999999842e+01 -5.919959599999999966e+01
-7.795182999999999751e+00 3.460714300000000065e+01 -6.465267199999999548e+01
-6.508358000000000310e+00 2.122199200000000019e+01 -5.692985500000000343e+01
0.000000000000000000e+00 1.429640799999999956e+01 -6.941440599999999961e+01
-4.769795000000000229e+00 2.399551400000000001e+01 -7.808293899999999610e+01
-6.403070999999999735e+00 1.783482700000000065e+01 -7.283945500000000095e+01
0.000000000000000000e+00 3.817789499999999947e+01 -6.804701199999999517e+01
-3.900367999999999835e+00 1.518362899999999982e+01 -6.995204200000000583e+01
-2.598307000000000144e+00 1.847030099999999919e+01 -8.744199399999999400e+01
0.000000000000000000e+00 1.399514100000000028e+01 -8.568843099999999424e+01
0.000000000000000000e+00 2.014498100000000136e+01 -8.809500099999999634e+01
-2.936005999999999894e+00 1.477407999999999966e+01 -8.600775099999999895e+01
1.129993200000000009e+01 5.263342699999999752e+01 8.653613000000000000e+00
-1.129993200000000009e+01 5.263342699999999752e+01 8.653613000000000000e+00
-8.267072000000000642e+00 1.674480600000000052e+01 2.032076100000000096e+01
4.574747999999999593e+00 1.710980800000000102e+01 1.937494900000000086e+01
-4.574747999999999593e+00 1.710980800000000102e+01 1.937494900000000086e+01
4.424943999999999988e+00 1.752822300000000055e+01 1.634156400000000176e+01
5.943045999999999829e+00 1.697931099999999915e+01 2.032111000000000089e+01
-8.933396000000000114e+00 1.686713400000000007e+01 1.941312599999999833e+01
7.044476999999999656e+00 1.677615399999999823e+01 2.179399700000000095e+01
4.057993999999999879e+00 1.744189499999999882e+01 1.696726999999999919e+01
-7.044476999999999656e+00 1.677615399999999823e+01 2.179399700000000095e+01
-4.057993999999999879e+00 1.744192500000000123e+01 1.696726999999999919e+01
8.267072000000000642e+00 1.674480600000000052e+01 2.032076100000000096e+01
8.933396000000000114e+00 1.686713400000000007e+01 1.941312599999999833e+01
-4.424943999999999988e+00 1.752822300000000055e+01 1.634156400000000176e+01
-5.943045999999999829e+00 1.697931099999999915e+01 2.032111000000000089e+01
-9.442619000000000540e+00 2.961198399999999964e+01 2.176817499999999939e+01
-3.086478000000000055e+00 2.936634099999999847e+01 1.945211799999999869e+01
1.704136000000000095e+00 2.900014699999999834e+01 1.599935699999999983e+01
7.014325000000000365e+00 2.985747900000000143e+01 2.408295400000000086e+01
-7.014325000000000365e+00 2.985747900000000143e+01 2.408295400000000086e+01
-5.056289999999999729e+00 2.969005399999999995e+01 2.250419799999999881e+01
3.086478000000000055e+00 2.936634099999999847e+01 1.945211799999999869e+01
3.840237999999999818e+00 2.963207399999999936e+01 2.195764199999999988e+01
9.442591000000000179e+00 2.961198399999999964e+01 2.176817499999999939e+01
5.056289999999999729e+00 2.969005399999999995e+01 2.250419799999999881e+01
-1.704136000000000095e+00 2.900014699999999834e+01 1.599935699999999983e+01
-3.840237999999999818e+00 2.963207399999999936e+01 2.195764199999999988e+01
-1.125393299999999996e+01 5.322534900000000135e+01 1.525411500000000053e+01
-1.004055499999999945e+01 5.919927599999999757e+01 1.533945600000000020e+01
1.125393299999999996e+01 5.322534900000000135e+01 1.525411500000000053e+01
-1.008675900000000070e+01 3.751073800000000347e+01 1.502964300000000009e+01
1.004055499999999945e+01 5.919927599999999757e+01 1.533945600000000020e+01
1.008675900000000070e+01 3.751073800000000347e+01 1.502961499999999972e+01
-7.001472999999999836e+00 1.998835000000000051e+01 -3.914110600000000062e+01
-8.753323999999999216e+00 1.893707699999999861e+01 -3.762986800000000187e+01
8.156288999999999234e+00 1.930376199999999898e+01 -3.815700100000000106e+01
4.432271000000000072e+00 1.840965299999999871e+01 -3.634085799999999722e+01
7.001472999999999836e+00 1.998835000000000051e+01 -3.914110600000000062e+01
4.715857999999999883e+00 1.872039600000000092e+01 -3.731842400000000026e+01
-8.156259999999999621e+00 1.930376199999999898e+01 -3.815700100000000106e+01
-6.286763999999999797e+00 1.957653399999999877e+01 -3.854913299999999765e+01
6.286793000000000298e+00 1.957653399999999877e+01 -3.854913299999999765e+01
-4.715857999999999883e+00 1.872039600000000092e+01 -3.731842400000000026e+01
8.753351999999999578e+00 1.893704800000000077e+01 -3.762986800000000187e+01
4.649678999999999895e+00 1.821079599999999843e+01 -3.562760500000000263e+01
-4.432271000000000072e+00 1.840965299999999871e+01 -3.634085799999999722e+01
-4.649678999999999895e+00 1.821079599999999843e+01 -3.562760500000000263e+01
-6.470121999999999929e+00 4.591033199999999681e+01 -4.968536399999999986e+01
7.595193000000000083e+00 4.029875899999999689e+01 -4.740800099999999873e+01
-7.724874999999999936e+00 4.029875899999999689e+01 -4.740800099999999873e+01
6.340410999999999575e+00 4.591033199999999681e+01 -4.968536399999999986e+01
-1.002124899999999919e+01 3.725651599999999775e+01 -1.009592199999999984e+01
-9.995224999999999582e+00 5.835415600000000325e+01 -1.105490999999999957e+01
5.433793999999999791e+00 3.424560900000000174e+01 -9.959058000000000632e+00
6.404524999999999579e+00 3.434711500000000228e+01 -9.963682000000000372e+00
-5.433765000000000178e+00 3.424560900000000174e+01 -9.959058000000000632e+00
-1.096453099999999914e+01 4.409986899999999821e+01 -1.040698700000000088e+01
8.836919999999999220e+00 3.658042100000000119e+01 -1.006518799999999914e+01
-8.836919999999999220e+00 3.658042100000000119e+01 -1.006518799999999914e+01
1.096453099999999914e+01 4.409986899999999821e+01 -1.040698700000000088e+01
0.000000000000000000e+00 3.284855300000000256e+01 -9.895554999999999879e+00
-6.404524999999999579e+00 3.434711500000000228e+01 -9.963682000000000372e+00
9.995224999999999582e+00 5.835415600000000325e+01 -1.105490999999999957e+01
1.002124899999999919e+01 3.725651599999999775e+01 -1.009592199999999984e+01
5.984772000000000425e+00 6.087921500000000208e+01 -1.116967700000000008e+01
0.000000000000000000e+00 6.488542200000000548e+01 -1.135178600000000060e+01
-5.984772000000000425e+00 6.087921500000000208e+01 -1.116967700000000008e+01
1.143496500000000005e+01 5.089640399999999687e+01 -1.071593000000000018e+01
-1.143496500000000005e+01 5.089640399999999687e+01 -1.071593000000000018e+01
-9.404620000000000202e-01 3.395344200000000257e+01 -1.664492999999999867e+01
0.000000000000000000e+00 3.395503599999999977e+01 -1.664516100000000165e+01
9.404620000000000202e-01 3.395344200000000257e+01 -1.664489899999999878e+01
-9.998713999999999658e+00 5.130764400000000336e+01 3.549636799999999681e+01
7.016389000000000209e+00 4.616069399999999945e+01 3.602879699999999730e+01
-1.069394100000000059e+01 6.040305699999999689e+01 3.376501799999999776e+01
8.642366000000000881e+00 4.909530999999999779e+01 3.572520399999999796e+01
0.000000000000000000e+00 4.362216899999999953e+01 3.629142000000000223e+01
1.069391300000000022e+01 6.040305699999999689e+01 3.376501799999999776e+01
-7.016389000000000209e+00 4.616069399999999945e+01 3.602879699999999730e+01
9.998713999999999658e+00 5.130764400000000336e+01 3.549636799999999681e+01
-8.642366000000000881e+00 4.909530999999999779e+01 3.572520399999999796e+01
