-1.220499750000000034e+02 1.774526520000000005e+02 -7.131734099999999899e+01
2.596299589999999853e+02 2.362753130000000112e+02 -7.978125999999999607e+00
-1.352910019999999918e+02 2.767805299999999846e+01 -4.146039799999999786e+01
2.480495640000000037e+02 2.834289479999999912e+02 -2.337923500000000132e+01
2.135968499999999892e+02 2.175959119999999984e+02 -5.356867000000000267e+00
1.899077739999999892e+02 3.157466880000000060e+02 -9.763806999999999903e+00
2.136833029999999951e+02 3.200867759999999862e+02 -5.912212600000000151e+01
2.130456920000000025e+02 2.870301479999999970e+02 -5.146506600000000020e+01
1.947973599999999905e+01 1.732459409999999878e+02 -6.369178000000000139e+01
1.770012739999999951e+02 3.067794430000000148e+02 -2.074595899999999915e+01
2.069733679999999936e+02 3.043079270000000065e+02 4.566430799999999834e+01
2.614596139999999878e+02 2.339348919999999907e+02 -5.961503999999999692e+00
-1.343852489999999875e+02 2.718048380000000179e+02 -4.534646500000000202e+01
2.379449490000000083e+02 2.358393399999999929e+02 5.263586000000000098e+00
2.640129160000000184e+02 2.856883770000000027e+02 -7.405208000000000013e+00
2.596891210000000001e+02 2.892387560000000235e+02 1.572821099999999994e+01
2.210586800000000096e+02 3.017009209999999939e+02 3.922067700000000201e+01
7.877285799999999938e+01 4.994613999999999976e+01 -2.196603999999999957e+01
1.003971140000000020e+02 1.333147199999999941e+02 1.860516700000000156e+01
9.341088499999999328e+01 1.215036429999999967e+02 2.432666499999999843e+01
8.116498699999999644e+01 8.762605000000000643e+00 -3.281894400000000189e+01
2.180181499999999915e+02 3.383730360000000132e+02 -5.453792099999999721e+01
7.877184699999999395e+01 4.995213400000000092e+01 2.196929199999999938e+01
8.803761900000000651e+01 3.641290200000000254e+01 1.796493399999999951e+01
2.630652079999999842e+02 2.338745289999999954e+02 -6.459153999999999840e+00
2.586930889999999863e+02 2.910526659999999879e+02 1.494272100000000059e+01
2.634084550000000036e+02 2.958485339999999724e+02 -3.567004399999999720e+01
2.507100819999999999e+02 2.736636520000000132e+02 9.456796999999999898e+00
-7.708782399999999768e+01 1.402155500000000075e+02 -4.755644399999999905e+01
2.240659459999999967e+02 2.700365630000000010e+02 -5.243652300000000110e+01
8.242654100000000028e+01 3.500829399999999936e+01 1.672742399999999918e+01
9.421689700000000300e+01 2.515278299999999945e+01 1.758300500000000000e+01
6.140965599999999824e+01 1.279951769999999982e+02 1.833278599999999869e+01
8.363468600000000208e+01 1.312222920000000101e+02 1.970047599999999832e+01
6.378117600000000209e+01 1.112159529999999990e+02 2.746743400000000079e+01
7.605837300000000312e+01 1.047113259999999997e+02 2.428394899999999978e+01
2.639912869999999998e+02 2.430736929999999916e+02 -2.851194000000000006e+00
2.607447720000000118e+02 2.433364899999999977e+02 -7.442674000000000234e+00
6.448184999999999434e+01 6.297670800000000213e+01 -3.448973999999999762e+01
7.715325500000000147e+01 8.006257100000000548e+01 2.508653400000000033e+01
-1.399095939999999985e+02 1.513301200000000080e+01 1.800442599999999871e+01
2.547545890000000099e+02 2.730776809999999841e+02 -1.704303900000000027e+01
-1.489664559999999938e+02 1.797783799999999843e+01 2.361155099999999862e+01
-1.498164920000000109e+02 1.708603899999999953e+01 3.736133699999999891e+01
-1.978723750000000052e+02 2.134797389999999950e+02 -2.779106399999999866e+01
-1.657187629999999956e+02 1.555786439999999970e+02 -1.132151700000000005e+01
-1.155927339999999930e+02 1.373191800000000029e+01 4.887059800000000109e+01
-1.098289099999999934e+02 1.318853700000000018e+01 4.400209799999999660e+01
2.069734070000000088e+02 3.043079179999999724e+02 -4.566231299999999749e+01
2.525707429999999931e+02 2.275281109999999956e+02 -1.017590099999999964e+01
-1.039797520000000048e+02 1.456976200000000077e+01 3.023577900000000085e+01
1.061544090000000011e+02 2.807504799999999818e+02 -1.011410599999999960e+01
-1.364085640000000126e+02 1.713281900000000135e+01 -4.834184100000000228e+01
2.216250530000000083e+02 3.170964369999999803e+02 -2.883996999999999922e+00
-1.082514220000000051e+02 1.633223200000000119e+01 2.391397699999999915e+01
-2.694277289999999994e+02 2.325046649999999886e+02 -1.092259100000000061e+01
-1.128078249999999940e+02 1.543244699999999980e+01 1.719318700000000177e+01
-1.219900930000000017e+02 1.208517299999999928e+01 1.566835500000000003e+01
-3.570693499999999858e+02 2.382097379999999873e+02 -1.593215200000000031e+01
2.225260020000000054e+02 3.354291029999999978e+02 -4.637661399999999645e+01
2.586930869999999913e+02 2.910526659999999879e+02 -1.494054399999999916e+01
1.754351629999999886e+02 3.101186509999999998e+02 -4.835393999999999970e+00
2.544616029999999967e+02 2.789383189999999786e+02 -2.340426599999999979e+01
-8.663365600000000200e+01 2.205540129999999976e+02 -6.292642399999999725e+01
2.300838190000000054e+02 3.062678649999999720e+02 2.833756400000000042e+01
-1.585866929999999968e+02 3.801859900000000181e+01 -2.256327200000000133e+01
8.934354799999999841e+01 2.801404779999999732e+02 -2.695184899999999928e+01
2.583176530000000071e+02 2.913405119999999897e+02 1.482787899999999937e+01
1.106351879999999994e+02 1.311466420000000141e+02 7.085301000000000293e+00
-1.560477260000000115e+02 2.825050309999999740e+02 7.460000000000000268e-04
2.180187080000000037e+02 3.383736599999999726e+02 5.454036399999999674e+01
-1.869358070000000112e+02 2.592247439999999870e+02 -2.833501199999999898e+01
-1.529657950000000142e+02 3.829332899999999995e+01 1.914191599999999838e+01
2.554223090000000127e+02 2.778370039999999790e+02 -1.945177999999999940e+01
4.679230199999999940e+01 2.691369649999999751e+02 -4.091179799999999744e+01
5.587426599999999866e+01 1.085592460000000017e+02 -3.784346699999999686e+01
-1.591561269999999979e+02 3.340341500000000252e+01 2.779929599999999823e+01
2.724386349999999766e+02 2.560149769999999876e+02 -1.005232900000000029e+01
2.127299769999999910e+02 3.279928189999999972e+02 -5.249378600000000006e+01
2.505577040000000011e+02 2.647722309999999766e+02 -2.078203600000000151e+01
-1.585911900000000117e+02 3.802771500000000060e+01 2.256515699999999924e+01
2.275708480000000122e+02 2.850101930000000152e+02 -4.757707200000000114e+01
-1.639787729999999897e+02 6.987671500000000435e+01 1.746500100000000089e+01
1.058466430000000003e+02 1.066726599999999969e+01 -1.525856600000000007e+01
1.159641189999999966e+02 2.737696639999999775e+02 -3.735758700000000232e+01
2.630652079999999842e+02 2.338745289999999954e+02 6.461330000000000240e+00
-1.770995350000000030e+02 7.753736800000000073e+01 3.292933399999999722e+01
-1.787009960000000035e+02 7.654738899999999546e+01 2.969662599999999841e+01
-1.436608650000000011e+02 6.828243200000000002e+01 -3.855213899999999683e+01
-1.749790879999999902e+02 7.809095899999999801e+01 2.378670199999999824e+01
-1.665310470000000009e+02 8.274284099999999853e+01 1.983785400000000010e+01
-7.461430500000000166e+01 1.612066450000000088e+02 -6.448168099999999470e+01
2.659605510000000095e+02 2.438621119999999962e+02 1.636278899999999936e+01
2.246021560000000079e+02 3.290093909999999937e+02 -3.928117100000000050e+01
2.502764840000000106e+02 2.775130720000000224e+02 -2.960574300000000036e+01
2.495970010000000059e+02 2.806256040000000098e+02 1.202087099999999964e+01
2.666760949999999752e+02 2.467162280000000010e+02 1.931629399999999919e+01
9.193173000000000172e+01 6.857405300000000636e+01 -3.172464400000000140e+01
-1.627409680000000094e+02 9.768860599999999295e+01 2.399172499999999886e+01
-1.014904360000000025e+02 1.087841180000000065e+02 -4.257957300000000345e+01
-1.670652949999999919e+02 1.078819709999999930e+02 2.972893900000000045e+01
1.174112959999999930e+02 1.069989999999999952e+01 -3.809520700000000204e+01
2.556923740000000009e+02 2.672645120000000247e+02 -1.511042800000000064e+01
-1.669870510000000081e+02 1.247467450000000042e+02 2.976662899999999823e+01
-1.693132239999999911e+02 1.032286399999999986e+02 3.382211499999999660e+01
-1.703222920000000045e+02 1.396830370000000130e+02 -4.575418499999999966e+01
-8.707468199999999570e+01 2.911586770000000115e+02 -1.665800300000000078e+01
2.528222260000000006e+02 2.517260330000000010e+02 -2.894179199999999952e+01
-1.701537910000000124e+02 9.473568400000000622e+01 3.627437199999999962e+01
-1.544137570000000039e+02 8.197167299999999557e+01 -1.793270899999999912e+01
2.700050580000000195e+02 2.471608879999999999e+02 -1.398205399999999976e+01
1.706437000000000026e+01 1.558318779999999890e+02 -5.751459200000000038e+01
-1.098289369999999963e+02 1.318840499999999949e+01 -4.400032099999999957e+01
-1.759358960000000138e+02 2.358937770000000000e+02 -5.169811599999999885e+01
-1.064976199999999977e+02 1.945185590000000104e+02 -7.170786400000000071e+01
2.479671140000000094e+02 2.786195250000000101e+02 -2.951077799999999840e+01
-1.608736519999999928e+02 9.055089200000000460e+01 4.456459900000000118e+01
2.046766849999999920e+02 3.117671060000000125e+02 4.102022699999999844e+01
-1.519804010000000005e+02 1.389427210000000059e+02 -1.284023099999999928e+01
-1.635049809999999866e+02 7.017340000000000089e+01 4.297052399999999750e+01
1.632599599999999995e+01 1.192804090000000059e+02 -1.363088699999999953e+01
2.635371799999999780e+02 3.041747589999999946e+02 3.184348299999999909e+01
2.460983009999999922e+02 2.354455749999999910e+02 5.559999999999999621e-04
2.397090509999999881e+02 2.531788870000000031e+02 -4.114302899999999852e+01
-1.184435289999999981e+02 1.576097300000000132e+02 -7.007508199999999476e+01
-1.161114440000000059e+02 2.631677499999999981e+01 -3.804870300000000327e+01
-1.459107979999999998e+02 1.588934399999999947e+01 4.208567099999999783e+01
-3.141817700000000002e+01 1.400793630000000007e+02 -4.272203100000000120e+01
-1.526346360000000004e+02 3.533737399999999695e+01 4.102320100000000025e+01
2.032853090000000122e+02 3.199070699999999761e+02 1.090000000000000040e-03
2.593379770000000235e+02 2.886785360000000082e+02 1.565606900000000046e+01
-1.473743699999999990e+02 4.355609499999999912e+01 4.192792099999999778e+01
2.124821599999999933e+02 3.018478670000000079e+02 -5.128957400000000177e+01
-1.364079049999999995e+02 1.713285600000000031e+01 4.834377500000000083e+01
-1.352916179999999997e+02 2.767887299999999939e+01 4.146280699999999797e+01
-1.009814899999999938e+02 1.103272199999999970e+02 -4.974278300000000286e+01
2.225265149999999892e+02 3.354282929999999965e+02 4.637682900000000075e+01
-1.211100610000000017e+02 2.280472699999999975e+01 4.701815500000000014e+01
-1.311508929999999964e+02 2.360951899999999881e+01 4.430257900000000149e+01
-2.066063010000000020e+02 2.447922839999999951e+02 -2.013738000000000028e+01
-1.161117519999999956e+02 2.631686399999999892e+01 3.805107000000000284e+01
-1.250884630000000044e+02 2.602523700000000062e+01 3.272177700000000300e+01
9.700926800000000583e+01 1.854155259999999998e+02 -6.974455600000000288e+01
-1.121289629999999988e+02 2.111862500000000153e+01 4.246614999999999895e+01
2.554215069999999912e+02 2.891956279999999992e+02 -2.663202100000000172e+01
9.512714900000000284e+01 6.514909600000000012e+01 -3.792820100000000139e+01
-1.379378780000000120e+02 1.159845750000000066e+02 -5.773217100000000102e+01
-1.079987830000000031e+02 2.192367199999999983e+01 3.738703100000000035e+01
-1.129173169999999971e+02 2.490752600000000072e+01 3.347148599999999874e+01
-1.064528710000000018e+02 9.116561000000000803e+00 -3.012652200000000136e+01
-1.076846539999999948e+02 2.322280200000000150e+01 2.908459200000000067e+01
-6.962318700000000149e+01 1.481362670000000037e+02 -3.407254199999999855e+01
-1.149743830000000031e+02 2.610280900000000059e+01 2.903431000000000139e+01
8.908515099999999620e+01 2.360925890000000038e+02 -6.134855999999999909e+01
2.566966039999999794e+02 2.811180709999999863e+02 -1.835972900000000152e+01
2.700050600000000145e+02 2.471608879999999999e+02 1.398349400000000031e+01
2.335166600000000017e+02 2.629712349999999788e+02 -4.886854100000000045e+01
-1.177077340000000021e+02 2.334542000000000073e+01 1.949226600000000076e+01
-1.230272939999999977e+02 1.821117699999999928e+01 1.523156099999999924e+01
-1.357621619999999893e+02 2.003079599999999871e+01 -1.688692500000000152e+01
4.612386500000000211e+01 1.926653249999999957e+02 -6.347092599999999862e+01
-1.405768899999999917e+02 6.776630199999999604e+01 -2.822346200000000138e+01
2.381208860000000129e+02 2.338494929999999954e+02 2.781228000000000034e+00
-1.489676890000000071e+02 1.798064799999999863e+01 -2.360702600000000118e+01
-1.322110900000000129e+02 2.586049500000000023e+01 2.117078499999999863e+01
-7.569654400000000294e+01 1.519865330000000085e+02 -4.113808099999999968e+01
-1.357636950000000127e+02 2.002939900000000151e+01 1.689005099999999970e+01
1.739535400000000038e+02 2.464541619999999966e+02 -4.803423599999999993e+01
2.710416619999999739e+02 2.408424699999999916e+02 -1.042607800000000040e+01
-1.976062129999999968e+02 2.675992570000000228e+02 1.058241100000000046e+01
2.122615319999999883e+02 2.975498279999999909e+02 4.633019500000000335e+01
2.456784989999999880e+02 2.852174709999999891e+02 -3.757997499999999746e+01
2.507100810000000024e+02 2.736636520000000132e+02 -9.455356000000000094e+00
1.393381819999999891e+02 2.646963799999999765e+02 -4.180772199999999827e+01
6.254630300000000176e+01 1.263277460000000048e+02 -2.570036100000000090e+01
-1.275042849999999959e+02 1.375329610000000002e+02 -6.621087000000000167e+00
2.661600500000000125e+02 2.460190780000000075e+02 1.907335799999999892e+01
2.678127370000000269e+02 2.507931159999999977e+02 1.727710899999999938e+01
-1.425461449999999957e+02 4.958391799999999705e+01 3.748834699999999742e+01
-1.177098469999999963e+02 2.334601100000000073e+01 -1.948886999999999858e+01
1.149520019999999931e+02 2.559662199999999999e+01 -2.598156099999999924e+01
6.486580299999999966e+01 4.764538300000000248e+01 -3.644014899999999813e+01
1.058248679999999950e+02 1.169563229999999976e+02 -4.391904900000000112e+01
-1.509958839999999896e+02 6.335766000000000275e+01 4.344029900000000310e+01
2.124821860000000129e+02 3.018478759999999852e+02 5.129175500000000198e+01
2.451322189999999921e+02 2.984476359999999886e+02 -2.895396699999999868e+01
-1.436601039999999898e+02 6.828336899999999332e+01 3.855385299999999660e+01
2.653163920000000076e+02 2.334953999999999894e+02 -2.452192000000000149e+00
-1.055466870000000057e+02 1.073523569999999978e+02 -3.346378399999999687e+01
1.497424880000000087e+02 1.650398280000000000e+02 -3.994049499999999853e+01
6.784833199999999920e+01 1.813738830000000064e+02 -6.609296999999999400e+01
2.505577059999999960e+02 2.647722309999999766e+02 2.078642299999999921e+01
-1.355821929999999895e+02 8.266321899999999800e+01 2.475812700000000177e+01
1.105538150000000002e+02 1.776687700000000092e+01 -4.329932900000000018e+01
2.535590579999999932e+02 2.699857610000000250e+02 -1.817747500000000116e+01
1.572431569999999965e+02 1.551666329999999903e+02 -6.652559999999999585e-01
-1.494005459999999914e+02 8.391114299999999560e+01 4.690494300000000294e+01
2.599710969999999861e+02 2.895420760000000087e+02 -1.547647399999999962e+01
-1.492811849999999936e+02 9.853133599999999603e+01 -1.902114100000000008e+01
2.500070350000000019e+02 2.657571990000000142e+02 2.477498100000000036e+01
9.494523800000000335e+01 1.024384309999999942e+02 -5.394180699999999717e+01
-1.366343219999999974e+02 8.669509899999999902e+01 4.400734299999999877e+01
-1.149744189999999975e+02 2.610258500000000126e+01 -2.903176300000000154e+01
-1.079987880000000047e+02 2.192367199999999983e+01 -3.738481000000000165e+01
-1.291923250000000110e+02 9.908290599999999415e+01 5.160170300000000054e+01
2.487761730000000000e+02 2.712990990000000124e+02 -3.008719800000000077e+01
-1.158405060000000049e+02 1.038371379999999959e+02 -5.169533899999999704e+01
-1.158350109999999944e+02 1.038420809999999932e+02 5.169995600000000024e+01
-1.207342380000000048e+02 1.158548629999999946e+02 5.898381700000000194e+01
1.816641500000000065e+01 2.786548809999999889e+02 -2.641149899999999917e+01
-1.966532819999999901e+02 2.296157919999999990e+02 -2.397403200000000112e+01
1.141875100000000032e+02 2.503522600000000153e+01 -3.360931099999999816e+01
-1.009654299999999978e+02 1.198362189999999998e+02 5.916655800000000198e+01
-1.009834660000000071e+02 1.103257849999999962e+02 4.974408999999999992e+01
-1.044972130000000021e+02 9.930740999999999374e+00 -3.910887600000000219e+01
6.775293800000000033e+01 2.782531759999999963e+02 -3.338627999999999929e+00
-4.816893799999999715e+01 2.908200580000000173e+02 -1.614489599999999925e+01
2.595485120000000165e+02 2.882589270000000283e+02 1.577091099999999990e+01
-1.014903690000000012e+02 1.087841370000000012e+02 4.258270799999999667e+01
1.054494310000000041e+02 2.083670390000000054e+02 -6.573538999999999533e+01
-1.912144739999999956e+02 1.996677300000000059e+02 -4.256669000000000125e+01
-1.315219559999999888e+02 8.461185100000000148e+01 3.348975899999999939e+01
-1.300369340000000022e+02 1.299225260000000048e+02 -1.244640899999999917e+01
7.805844799999999850e+01 1.333890309999999886e+02 -7.029856800000000305e+01
2.068998259999999902e+02 2.698620310000000018e+02 -5.631704599999999772e+01
-1.162041119999999950e+02 1.373511269999999911e+02 -6.554617700000000013e+01
2.542385439999999903e+02 2.715825090000000159e+02 -1.740744400000000169e+01
-1.055472270000000066e+02 1.073518020000000064e+02 3.346511000000000280e+01
-1.173191920000000010e+02 1.015541199999999975e+02 2.483603700000000103e+01
2.680004690000000096e+02 2.502682529999999872e+02 1.705184099999999958e+01
-5.412380799999999681e+01 1.475713460000000055e+02 -3.902573100000000039e+01
6.378112600000000043e+01 1.112159920000000000e+02 -2.746524399999999844e+01
-1.351248989999999992e+02 9.649724799999999902e+01 1.943906300000000087e+01
-8.625458999999999321e+01 1.269748390000000029e+02 4.248720099999999888e+01
-1.100980380000000025e+02 1.304880809999999940e+02 1.738212000000000046e+01
1.554330239999999890e+02 2.081248400000000061e+02 -4.664508399999999710e+01
-9.372991700000000037e+01 1.347237250000000017e+02 2.836824899999999872e+01
-1.300372670000000141e+02 1.299220349999999939e+02 1.244880799999999965e+01
-8.289030400000000043e+01 1.299600030000000004e+02 5.320654199999999889e+01
-8.214014899999999386e+01 1.399181409999999914e+02 3.920094600000000185e+01
1.206898400000000038e+02 1.632734500000000111e+01 -2.739228900000000166e+01
8.669899700000000564e+01 4.928769100000000236e+01 -2.321119900000000058e+01
-9.299420700000000295e+01 1.401353180000000123e+02 2.041026199999999946e+01
-1.081276139999999941e+02 1.368262349999999969e+02 9.911771999999999139e+00
-1.275042839999999984e+02 1.375329610000000002e+02 6.625518999999999714e+00
-1.065691369999999978e+02 1.361438149999999894e+02 7.429999999999999539e-04
-1.257227680000000021e+02 1.376846069999999997e+02 7.439999999999999782e-04
-8.264368500000000495e+01 1.386953699999999969e+02 1.322526200000000074e+01
-8.333568300000000306e+01 1.363815899999999885e+02 7.410000000000000137e-04
-7.569555300000000386e+01 1.519877290000000016e+02 4.114320899999999881e+01
-5.707804300000000097e+01 1.320168409999999994e+02 1.226161699999999932e+01
-5.710160199999999975e+01 1.304959310000000130e+02 7.399999999999999894e-04
-6.962297700000000589e+01 1.481364000000000090e+02 3.407524399999999787e+01
-5.485039499999999890e+01 1.372753040000000055e+02 2.561422999999999917e+01
-3.342275999999999669e+01 1.238122630000000015e+02 1.243093299999999957e+01
-3.263727000000000089e+01 1.224834800000000001e+02 7.380000000000000492e-04
-3.311798600000000192e+01 1.289094900000000052e+02 2.646302999999999983e+01
-1.035346499999999992e+01 1.194320550000000054e+02 1.347260999999999953e+01
-9.591532000000000835e+00 1.178912689999999941e+02 7.370000000000000249e-04
-1.096301099999999984e+01 1.245197189999999949e+02 3.016374400000000122e+01
1.632599700000000098e+01 1.192804090000000059e+02 1.363235700000000072e+01
1.905555100000000124e+01 1.173481259999999935e+02 4.629999999999999784e-04
1.714682600000000079e+01 1.242061070000000029e+02 3.017699299999999951e+01
5.467818299999999709e+01 1.243122919999999993e+02 9.863167000000000684e+00
6.114022400000000346e+01 1.243930950000000024e+02 7.320000000000000118e-04
1.349267519999999934e+02 2.863356570000000261e+02 -9.014371000000000578e+00
4.101265599999999978e+01 1.278788449999999983e+02 2.998779599999999945e+01
1.604478399999999993e+01 1.349821369999999945e+02 4.481937299999999880e+01
-1.036524200000000029e+01 1.345779719999999884e+02 4.513003799999999899e+01
3.617161300000000068e+01 1.365634249999999952e+02 4.360616900000000129e+01
-3.141817199999999843e+01 1.400793630000000007e+02 4.272350899999999996e+01
1.706437700000000035e+01 1.558318779999999890e+02 5.751900899999999695e+01
-7.270391000000000048e+00 1.561749350000000049e+02 5.890374200000000116e+01
-5.412380300000000233e+01 1.475713460000000055e+02 3.902794899999999956e+01
-3.051563200000000009e+01 1.595546870000000013e+02 5.861516699999999958e+01
2.051557960000000094e+02 2.177783980000000099e+02 -1.898822399999999888e+01
2.493857050000000015e+02 2.680511240000000157e+02 -2.803918099999999924e+01
2.653981130000000235e+02 2.435639590000000112e+02 1.622144499999999923e+01
-7.708781899999999609e+01 1.402155500000000075e+02 4.756087300000000084e+01
-7.486018199999999467e+01 1.446612749999999892e+02 5.576987799999999851e+01
-6.865652300000000707e+01 1.641003990000000101e+02 5.382185799999999887e+01
-5.030234999999999701e+01 1.624699119999999937e+02 5.673351900000000114e+01
-6.940958500000000697e+01 1.779691919999999925e+02 6.130291700000000077e+01
-7.461429699999999343e+01 1.612066450000000088e+02 6.448390200000000050e+01
-8.430815699999999424e+01 1.394933780000000070e+02 6.255661599999999822e+01
-9.991050099999999645e+01 1.384980750000000000e+02 6.586568499999999915e+01
2.210491199999999878e+01 2.341726669999999899e+02 -5.868510200000000054e+01
-1.162041040000000010e+02 1.373511269999999911e+02 6.554840199999999584e+01
9.973431499999999517e+01 2.690332300000000032e+01 -2.398653900000000050e+01
-1.184435210000000041e+02 1.576097300000000132e+02 7.007730800000000215e+01
-1.379386049999999955e+02 1.159842770000000058e+02 5.773435200000000123e+01
-1.013856619999999964e+02 1.688131079999999997e+02 7.222314599999999984e+01
-1.414185940000000130e+02 1.547556140000000084e+02 6.404441300000000581e+01
-8.430687299999999595e+01 1.727253609999999924e+02 7.129594600000000071e+01
-1.220539389999999997e+02 1.774727110000000039e+02 7.131908099999999706e+01
-1.546762439999999970e+02 2.815855510000000095e+02 -1.793893100000000018e+01
-7.603288799999999981e+01 1.760698830000000044e+02 6.793211200000000360e+01
-8.907573299999999961e+01 1.971384150000000091e+02 7.082420799999999872e+01
2.345989700000000084e+02 2.419708339999999964e+02 -3.435289000000000215e+01
2.656557690000000207e+02 2.442058979999999906e+02 -1.682513499999999951e+01
-1.701004369999999994e+02 1.284329520000000002e+02 -3.700010300000000285e+01
-1.456942119999999932e+02 1.754652690000000064e+02 6.450502799999999581e+01
9.483513499999999397e+01 2.334406600000000154e+01 -4.579769699999999943e+01
-1.641378890000000013e+02 1.567453519999999969e+02 5.563189500000000010e+01
1.579882570000000044e+02 2.581747060000000147e+02 -4.635944899999999791e+01
-1.351249589999999898e+02 9.649656299999999476e+01 -1.943735399999999913e+01
-1.850967770000000030e+02 1.785447210000000098e+02 4.452174200000000326e+01
1.088073909999999955e+02 2.272344500000000167e+01 -1.619419699999999906e+01
-5.154501100000000235e+01 1.927161120000000096e+02 -6.762806799999999896e+01
-1.703231849999999952e+02 1.396856889999999964e+02 4.575651599999999775e+01
-1.547175809999999956e+02 1.202909180000000049e+02 5.275845499999999788e+01
2.599828650000000039e+02 2.884407610000000091e+02 1.562441300000000055e+01
-1.660245859999999993e+02 1.169731869999999958e+02 4.184593199999999769e+01
-1.781327620000000138e+02 1.503452310000000125e+02 3.619591599999999687e+01
-1.701000359999999887e+02 1.284290230000000008e+02 3.700428600000000046e+01
2.592844569999999749e+02 2.811914429999999925e+02 -1.803959000000000046e+01
6.677966999999999587e+01 4.923561200000000326e+01 -4.188946299999999923e+01
1.024645189999999957e+02 2.434897799999999890e+01 -4.005546499999999810e+01
-1.717058849999999950e+02 1.467482779999999991e+02 2.596141799999999833e+01
-1.657187610000000006e+02 1.555786439999999970e+02 1.132300900000000077e+01
-1.804185579999999902e+02 1.634548939999999959e+02 2.303691500000000048e+01
-1.565219060000000013e+02 1.527474499999999864e+02 7.460000000000000268e-04
-1.487567160000000115e+02 1.457427069999999958e+02 7.543521000000000143e+00
8.536629700000000298e+01 1.473287099999999938e+01 -1.788214200000000176e+01
-1.779214849999999899e+02 1.700833660000000123e+02 7.470000000000000511e-04
1.726991050000000030e+02 2.712335830000000101e+02 -4.746222900000000067e+01
-1.829149040000000070e+02 1.734329290000000015e+02 8.800162999999999514e+00
-1.893975979999999879e+02 1.777012279999999862e+02 1.866775799999999919e+01
-1.912290940000000035e+02 1.775615740000000073e+02 3.257927099999999854e+01
-1.951010349999999960e+02 1.940664099999999905e+02 1.599856300000000076e+01
-1.908930459999999982e+02 1.933268879999999967e+02 -1.095355000000000079e+00
2.623150390000000129e+02 2.339348919999999907e+02 6.640954999999999941e+00
-1.970287289999999985e+02 1.970609640000000127e+02 3.036178599999999861e+01
-1.912144690000000082e+02 1.996677300000000059e+02 4.256818700000000177e+01
-1.978723720000000128e+02 2.134797389999999950e+02 2.779329600000000156e+01
-1.704243759999999952e+02 1.956442279999999982e+02 5.670052600000000353e+01
-1.920345499999999959e+02 2.163588770000000068e+02 4.206906500000000193e+01
2.034265880000000095e+02 2.292740719999999897e+02 -3.593802099999999911e+01
-1.742170800000000099e+02 2.185872579999999914e+02 5.495052900000000307e+01
-1.916834059999999909e+02 2.322424249999999972e+02 3.859803099999999887e+01
-1.966532789999999977e+02 2.296157919999999990e+02 2.397552900000000164e+01
-1.980483240000000080e+02 2.126507970000000114e+02 1.688328599999999824e+01
-1.670648129999999867e+02 1.078838510000000070e+02 -2.972758699999999976e+01
1.897531380000000070e+02 3.164744880000000080e+02 5.425600000000000200e+00
-1.992464760000000012e+02 2.286788099999999986e+02 1.271801400000000015e+01
-1.970582650000000058e+02 2.144255149999999901e+02 2.577379000000000087e+00
-1.748030799999999942e+02 2.558807810000000131e+02 4.238414399999999915e+01
-1.869354800000000125e+02 2.592246410000000196e+02 2.833680800000000133e+01
-1.759320270000000050e+02 2.358927439999999933e+02 5.170310700000000281e+01
-1.566226719999999943e+02 2.599930249999999887e+02 4.882634900000000044e+01
-1.218777599999999950e+02 2.793675049999999942e+02 -3.463890500000000117e+01
-1.544790830000000028e+02 2.181780050000000131e+02 6.068137800000000226e+01
-1.258790489999999949e+02 2.421344620000000134e+02 6.257714699999999652e+01
-1.336964069999999936e+02 2.161374089999999910e+02 6.537236799999999448e+01
-1.268359039999999993e+02 2.608869569999999953e+02 5.487558500000000095e+01
-1.065064229999999981e+02 1.945320639999999912e+02 7.170939900000000478e+01
-1.113651949999999999e+02 2.488701210000000117e+02 -6.008478300000000161e+01
1.104571399999999954e+02 1.527245399999999975e+01 -1.408378399999999964e+01
-1.570445049999999867e+02 2.741738290000000120e+02 -3.726333900000000199e+01
-8.662965499999999963e+01 2.205413619999999923e+02 6.293150399999999678e+01
-7.216766099999999540e+01 1.967434949999999958e+02 6.474326399999999637e+01
2.290040319999999952e+02 2.233085590000000025e+02 -5.608433999999999919e+00
1.268778149999999982e+02 1.568824050000000057e+02 -5.665696700000000163e+01
-7.665509900000000698e+01 2.229853400000000079e+02 6.103815300000000121e+01
2.253031450000000007e+02 3.139526999999999930e+02 -1.888872599999999835e+01
1.000633019999999931e+02 2.715821100000000143e+01 -3.354915400000000147e+01
-5.451102199999999698e+01 2.137219230000000039e+02 6.634713700000000358e+01
-5.154500300000000124e+01 1.927161120000000096e+02 6.763027900000000159e+01
-4.200837800000000044e+01 1.751137300000000039e+02 6.491040300000000229e+01
2.058647699999999858e+01 2.695034110000000283e+02 -3.938058199999999687e+01
-7.665594400000000519e+01 2.229931149999999889e+02 -6.103519200000000211e+01
-5.934245999999999910e+00 1.724626619999999946e+02 6.468854899999999475e+01
2.461959469999999897e+02 3.050718350000000214e+02 -8.883767999999999887e+00
1.947974400000000017e+01 1.732459409999999878e+02 6.369325200000000109e+01
-2.338301299999999827e+01 1.916765729999999905e+02 6.807980799999999988e+01
3.837570300000000145e+01 1.558620669999999961e+02 5.498438000000000159e+01
2.074521500000000174e+01 1.910744469999999922e+02 6.603868099999999686e+01
4.361500999999999806e+01 1.753167789999999968e+02 6.056232399999999672e+01
5.067191600000000307e+01 1.571400629999999978e+02 5.694774100000000061e+01
-1.626302899999999951e+01 2.148595329999999990e+02 6.620386000000000593e+01
4.607675600000000316e+01 1.390082380000000057e+02 4.620336799999999755e+01
2.627368660000000204e+02 2.336720669999999984e+02 -2.740768999999999789e+00
5.560718399999999662e+01 1.548314359999999965e+02 6.358061800000000119e+01
5.001524899999999718e+01 1.288638420000000053e+02 3.360753499999999860e+01
6.254630600000000129e+01 1.263277460000000048e+02 2.570182600000000050e+01
-9.991050900000000468e+01 1.384980750000000000e+02 -6.586346899999999494e+01
4.986286400000000185e+01 1.386799100000000067e+02 5.818523799999999824e+01
5.587366399999999800e+01 1.085626129999999989e+02 3.784519499999999681e+01
2.150829180000000065e+02 3.171540340000000242e+02 -1.885018900000000031e+01
-1.742170869999999923e+02 2.185872579999999914e+02 -5.494903699999999702e+01
5.247657099999999986e+01 1.244029280000000028e+02 5.338553499999999730e+01
1.901300880000000006e+02 2.506922999999999888e+02 -5.195285799999999909e+01
-1.781327660000000037e+02 1.503452310000000125e+02 -3.619368599999999958e+01
2.593117369999999937e+02 2.335523359999999968e+02 -1.230487800000000043e+01
6.999166200000000515e+01 6.768839800000000650e+01 2.659768700000000052e+01
6.301644600000000196e+01 7.369605400000000373e+01 4.449131100000000316e+01
9.995019800000000032e+01 9.926707000000000392e+00 -2.312466099999999969e+01
6.448201600000000155e+01 6.297590600000000194e+01 3.449120200000000125e+01
2.504804049999999904e+02 2.360720139999999958e+02 -2.220541400000000110e+01
2.087693789999999865e+02 3.035206319999999778e+02 -5.701693999999999818e+01
6.368327800000000138e+01 1.094591609999999946e+02 6.145875099999999946e+01
-1.414186019999999928e+02 1.547556140000000084e+02 -6.404292200000000435e+01
6.299061499999999825e+01 1.322887680000000046e+02 6.712026199999999676e+01
7.483256199999999581e+01 1.019169200000000046e+02 6.257671500000000009e+01
-1.385142250000000104e+02 8.702355999999999980e+00 2.668039500000000075e+01
7.805842599999999720e+01 1.333896119999999996e+02 7.030083899999999630e+01
-4.479512379999999894e+02 2.320276440000000093e+02 -9.838535000000000252e+00
4.673341200000000129e+01 2.530465470000000039e+02 -5.336849600000000038e+01
9.365652799999999445e+01 1.314214139999999986e+02 6.541282999999999959e+01
1.180189299999999974e+02 1.404381099999999947e+02 -5.700805100000000181e+01
-1.627409710000000018e+02 9.768860599999999295e+01 -2.398728600000000100e+01
2.667589849999999956e+02 2.382638560000000041e+02 7.775100000000000067e-02
6.022500999999999749e+01 1.808054840000000070e+02 -6.229914699999999783e+01
-8.289030999999999949e+01 1.299607330000000047e+02 -5.320211599999999663e+01
1.032578670000000045e+02 1.195586789999999979e+02 5.410907399999999967e+01
2.222435519999999940e+02 3.370427169999999819e+02 4.509393899999999888e+01
1.180189400000000006e+02 1.404381140000000130e+02 5.701024499999999762e+01
1.024488159999999937e+02 1.486019760000000076e+02 6.597168499999999369e+01
6.825615100000000268e+01 1.547415699999999958e+02 6.915080700000000036e+01
8.788679299999999728e+01 1.576963039999999978e+02 6.984600199999999859e+01
6.785092299999999454e+01 1.813807799999999872e+02 6.609558099999999570e+01
8.307213900000000706e+01 1.909831780000000094e+02 7.008391600000000210e+01
-1.328377959999999973e+02 2.982439300000000060e+01 -2.965958300000000136e+01
6.022782600000000031e+01 1.808111989999999878e+02 6.230195899999999654e+01
9.700927699999999732e+01 1.854155259999999998e+02 6.974601900000000398e+01
7.138566299999999387e+01 2.158594779999999957e+02 6.545726200000000006e+01
8.780790799999999763e+01 2.120905640000000005e+02 6.794535000000000480e+01
4.612387300000000323e+01 1.926653249999999957e+02 6.347533700000000323e+01
1.604477800000000087e+01 1.349821369999999945e+02 -4.481496200000000130e+01
4.844500699999999682e+01 2.136056049999999971e+02 6.357619499999999846e+01
2.242146999999999935e+01 2.145302379999999971e+02 6.381029999999999802e+01
6.775101399999999785e+01 2.369863029999999924e+02 6.110930100000000209e+01
4.768307399999999774e+01 2.353799789999999916e+02 5.980627700000000146e+01
2.210491899999999887e+01 2.341726669999999899e+02 5.868730399999999747e+01
8.908515900000000443e+01 2.360925890000000038e+02 6.135002300000000020e+01
7.028342999999999563e+01 2.570277300000000196e+02 5.458390599999999893e+01
8.950771699999999953e+01 2.572397530000000074e+02 5.410024200000000150e+01
1.128464529999999968e+02 2.342683729999999969e+02 5.881318900000000127e+01
4.673341899999999782e+01 2.530465470000000039e+02 5.337070200000000142e+01
6.969670000000000698e+01 2.747804399999999987e+02 3.965588900000000194e+01
-5.688366000000000255e+00 2.333083980000000111e+02 6.071765899999999760e+01
2.321873799999999832e+01 2.534308289999999886e+02 5.120047799999999683e+01
4.679230700000000098e+01 2.691369649999999751e+02 4.091400000000000148e+01
2.058528899999999950e+01 2.695028780000000097e+02 3.938307600000000264e+01
-9.893162000000000234e+00 2.530410249999999905e+02 5.251922499999999872e+01
-5.352339099999999661e+01 2.321552489999999977e+02 6.110893099999999833e+01
-1.566226780000000076e+02 2.599930249999999887e+02 -4.882411900000000315e+01
2.122610730000000103e+02 2.975492849999999976e+02 -4.632889099999999871e+01
6.368263100000000065e+01 1.094653440000000018e+02 -6.145866399999999885e+01
-6.870898800000000506e+01 2.734230620000000158e+02 3.724125899999999945e+01
-8.126880800000000704e+01 2.496122000000000014e+02 5.169147699999999901e+01
4.986285699999999821e+01 1.386799100000000067e+02 -5.818377000000000265e+01
-1.765146719999999902e+02 2.661466480000000274e+02 3.226109799999999694e+01
-1.113672040000000010e+02 2.488697280000000092e+02 6.008718900000000218e+01
-1.113395069999999976e+02 2.641913989999999899e+02 5.140587899999999877e+01
-1.031459590000000048e+02 2.708448639999999727e+02 4.332054600000000022e+01
-8.338205899999999815e+01 2.821259160000000179e+02 3.031466400000000050e+01
2.210593930000000000e+02 3.017006739999999922e+02 -3.921851300000000151e+01
-1.218777549999999934e+02 2.793675049999999942e+02 3.464038699999999693e+01
-1.343852440000000001e+02 2.718048380000000179e+02 4.534868900000000025e+01
-1.570445009999999968e+02 2.741738290000000120e+02 3.726556599999999975e+01
-1.546762420000000020e+02 2.815855510000000095e+02 1.794115800000000149e+01
-1.248791099999999972e+02 2.870817890000000148e+02 1.739418500000000023e+01
-8.707468000000000075e+01 2.911586770000000115e+02 1.666022299999999845e+01
8.715126899999999921e+01 5.548889799999999894e+01 -4.748395200000000216e+01
-4.816893600000000220e+01 2.908200580000000173e+02 1.614711199999999991e+01
-2.320894099999999938e+01 2.828066910000000007e+02 2.648694000000000059e+01
-9.274979000000000084e+00 2.877185620000000199e+02 1.521512000000000064e+01
1.816641800000000018e+01 2.786548809999999889e+02 2.641370300000000171e+01
4.034281800000000118e+01 2.777076799999999821e+02 2.311003799999999941e+01
8.979676100000000361e+01 1.671583599999999947e+01 -4.762715599999999938e+01
4.139987800000000107e+01 2.802310160000000110e+02 1.145182600000000050e+01
1.358921839999999861e+02 1.463691870000000108e+02 -1.976464400000000055e+01
6.792640000000000100e+01 2.789688689999999838e+02 2.513522299999999987e+01
9.121856999999999971e+01 2.745728260000000205e+02 4.099939700000000187e+01
8.934355200000000252e+01 2.801404779999999732e+02 2.695404800000000023e+01
8.828862200000000371e+01 2.799785259999999880e+02 1.090190600000000032e+01
1.159641230000000007e+02 2.737696639999999775e+02 3.736198900000000123e+01
1.142061530000000005e+02 2.795390330000000176e+02 2.579458199999999835e+01
1.495341380000000129e+02 1.464136190000000113e+02 -6.382849999999999913e-01
1.179451470000000057e+02 2.550121029999999962e+02 5.059755299999999778e+01
1.352590790000000140e+02 2.859856419999999844e+02 1.149010099999999923e+01
1.506265950000000089e+02 2.932199669999999969e+02 9.414106000000000307e+00
1.366423430000000110e+02 2.829040279999999825e+02 2.333430800000000005e+01
-1.765146760000000086e+02 2.661466480000000274e+02 -3.225960500000000053e+01
1.386933119999999917e+02 2.765936199999999872e+02 3.294792199999999838e+01
-1.081276150000000058e+02 1.368262349999999969e+02 -9.907341000000000619e+00
1.533642609999999991e+02 2.918874720000000025e+02 2.126486500000000035e+01
1.750760699999999872e+02 3.080975460000000226e+02 1.389921499999999988e+01
-1.268398640000000057e+02 2.608880760000000123e+02 -5.487275100000000094e+01
2.611548339999999939e+02 2.433416569999999979e+02 -8.372453999999999397e+00
1.946167240000000049e+02 3.133925500000000284e+02 2.712538299999999936e+01
1.889582959999999900e+02 3.076976470000000177e+02 3.473360999999999876e+01
-2.036268320000000074e+02 2.569545420000000036e+02 -1.913003799999999899e+01
1.568456689999999867e+02 2.882333130000000097e+02 3.054407799999999895e+01
-2.631755340000000274e+02 2.419425259999999867e+02 -1.679298500000000161e+01
1.882496069999999975e+02 2.980217129999999770e+02 4.425293800000000033e+01
-3.311798999999999893e+01 1.289094900000000052e+02 -2.646081799999999973e+01
1.574233470000000068e+02 2.748469759999999837e+02 4.092846600000000024e+01
-1.787008529999999951e+02 7.654728099999999813e+01 -2.969499400000000122e+01
1.888755590000000097e+02 2.836215050000000133e+02 5.109635399999999805e+01
6.825514200000000642e+01 1.547377649999999960e+02 -6.914944900000000416e+01
1.726991109999999878e+02 2.712335830000000101e+02 4.746441899999999947e+01
1.847983759999999904e+02 2.672862579999999753e+02 5.246908200000000022e+01
2.056308610000000101e+02 2.878894849999999792e+02 5.462437700000000262e+01
1.393381870000000049e+02 2.646963799999999765e+02 4.180991300000000166e+01
1.422806520000000035e+02 2.491463259999999877e+02 4.917968700000000126e+01
1.579882629999999892e+02 2.581791150000000243e+02 4.636090399999999789e+01
1.739535459999999887e+02 2.464541619999999966e+02 4.803568500000000085e+01
-1.850969580000000008e+02 1.785454019999999957e+02 -4.451943099999999731e+01
1.901300940000000139e+02 2.506922999999999888e+02 5.195503999999999678e+01
1.591138689999999940e+02 2.337633639999999957e+02 4.824549100000000124e+01
1.812563220000000115e+02 2.288273450000000082e+02 4.290164899999999903e+01
1.343212069999999869e+02 2.320304299999999955e+02 5.404134400000000227e+01
1.054494389999999981e+02 2.083670390000000054e+02 6.573758100000000582e+01
2.499245819999999867e+02 2.736033029999999826e+02 -3.016375800000000140e+01
1.159017470000000003e+02 1.767011210000000005e+02 6.349860300000000279e+01
1.435129680000000008e+02 2.180997329999999863e+02 5.249275899999999950e+01
1.785393630000000087e+02 2.130068379999999877e+02 -3.532431100000000157e+01
1.675650679999999966e+02 2.192740870000000086e+02 4.326605299999999943e+01
1.554330290000000048e+02 2.081248400000000061e+02 4.664726999999999890e+01
1.812563159999999982e+02 2.288273450000000082e+02 -4.289946299999999724e+01
1.379700229999999976e+02 1.772206020000000137e+02 5.416369100000000003e+01
2.524098899999999901e+02 2.704959380000000237e+02 -2.698572499999999863e+01
1.497420109999999909e+02 1.650391089999999963e+02 3.994297600000000159e+01
-1.591540290000000084e+02 3.339900800000000203e+01 -2.779770699999999906e+01
1.268778219999999948e+02 1.568824050000000057e+02 5.665915600000000296e+01
-1.094071730000000002e+02 9.952609999999999957e+00 2.354262400000000000e+01
1.175940010000000058e+02 1.279244929999999982e+02 4.109877600000000086e+01
1.274991339999999980e+02 1.363815899999999885e+02 4.072480300000000142e+01
1.377208270000000141e+02 1.482331540000000132e+02 4.228694800000000242e+01
1.714682200000000023e+01 1.242061070000000029e+02 -3.017478699999999847e+01
1.058248739999999941e+02 1.169563229999999976e+02 4.392124400000000151e+01
1.369000010000000032e+02 1.468292920000000095e+02 2.781830599999999976e+01
1.189273290000000003e+02 1.323848889999999869e+02 2.787327799999999911e+01
1.154488000000000056e+02 1.373157850000000053e+02 1.904833899999999858e+01
1.766295369999999991e+02 1.922405589999999904e+02 -1.465055399999999963e+01
1.358921870000000069e+02 1.463691870000000108e+02 1.976610000000000156e+01
2.452674100000000124e+02 2.402217489999999884e+02 -3.937200999999999951e+00
1.343212010000000021e+02 2.320304299999999955e+02 -5.403694399999999831e+01
1.612405080000000055e+02 1.927890040000000056e+02 3.680230199999999741e+01
2.042784409999999866e+02 3.172109060000000227e+02 -2.073476000000000141e+01
-1.211108930000000043e+02 2.280546400000000062e+01 -4.701567200000000213e+01
1.527571719999999971e+02 1.641313739999999939e+02 2.382711799999999869e+01
2.620220239999999876e+02 2.433114679999999908e+02 -8.970959000000000572e+00
1.092559480000000036e+02 1.245874399999999937e+01 -4.750925399999999854e+01
1.459567759999999907e+02 1.541525990000000093e+02 2.041973600000000033e+01
1.785462320000000034e+02 2.130132959999999969e+02 3.532821299999999809e+01
1.554982889999999998e+02 1.584333369999999945e+02 9.819803000000000281e+00
1.953819009999999992e+02 2.375266540000000077e+02 4.626225099999999912e+01
1.779607849999999871e+02 2.017527540000000101e+02 2.674419899999999828e+01
1.574264599999999916e+02 2.748493110000000001e+02 -4.092681499999999772e+01
5.560717600000000260e+01 1.548314359999999965e+02 -6.357693799999999840e+01
2.034267049999999983e+02 2.292736559999999884e+02 3.593892100000000056e+01
8.788507400000000302e+01 1.576934750000000065e+02 -6.984419200000000671e+01
2.101329090000000122e+02 2.432171289999999999e+02 4.867900900000000064e+01
6.298986800000000130e+01 1.322923330000000135e+02 -6.711879100000000165e+01
-1.916834110000000067e+02 2.322424249999999972e+02 -3.859579899999999952e+01
2.082751199999999869e+02 2.546233569999999986e+02 5.479921600000000126e+01
2.068996769999999970e+02 2.698609609999999748e+02 5.631922399999999840e+01
7.138344499999999471e+01 2.158594459999999913e+02 -6.545521899999999960e+01
-1.094074159999999978e+02 9.952565999999999136e+00 -2.354056299999999879e+01
2.275708539999999971e+02 2.850101930000000152e+02 4.757925600000000088e+01
2.130440879999999879e+02 2.870298189999999749e+02 5.146805799999999920e+01
1.032578599999999938e+02 1.195586789999999979e+02 -5.410687800000000180e+01
2.240659520000000100e+02 2.700365630000000010e+02 5.243869999999999720e+01
2.335136249999999905e+02 2.629713310000000206e+02 4.887203099999999978e+01
-1.363146749999999940e+02 9.216872999999999649e+00 4.113799699999999859e+01
2.357408619999999928e+02 2.943919369999999844e+02 3.936509399999999914e+01
2.456789789999999982e+02 2.852163889999999924e+02 3.758195700000000272e+01
-1.914271610000000123e+02 2.721455970000000093e+02 7.320000000000000118e-04
2.577601660000000265e+02 2.947572129999999788e+02 -1.149864999999999959e+01
2.451312189999999873e+02 2.984483720000000062e+02 2.895611399999999946e+01
1.568602009999999893e+02 2.882406910000000266e+02 -3.054309999999999903e+01
-4.769767219999999952e+02 2.343431559999999934e+02 -8.604817000000000604e+00
3.837569599999999781e+01 1.558620669999999961e+02 -5.498291400000000095e+01
1.612404249999999877e+02 1.927879869999999869e+02 -3.679962900000000303e+01
-1.315212190000000021e+02 8.461248299999999745e+01 -3.348597300000000132e+01
2.461965989999999920e+02 3.050712780000000066e+02 8.886373000000000744e+00
2.576246340000000146e+02 2.947060389999999757e+02 1.205908499999999961e+01
2.667696080000000052e+02 2.461758910000000071e+02 -1.899462099999999865e+01
2.127310040000000129e+02 3.279943549999999846e+02 5.249691500000000133e+01
-1.366360190000000046e+02 8.669400500000000420e+01 -4.400501799999999974e+01
2.563636829999999804e+02 2.683631389999999897e+02 2.341826100000000110e+01
1.591138630000000092e+02 2.337633639999999957e+02 -4.824330199999999991e+01
2.698173279999999750e+02 2.476003800000000012e+02 1.435304999999999964e+01
2.629988860000000273e+02 2.859284480000000030e+02 9.823019000000000389e+00
2.554217690000000118e+02 2.891955130000000054e+02 2.663375399999999971e+01
-4.732407870000000116e+02 2.397759289999999908e+02 -1.358528699999999922e+01
-1.473774650000000008e+02 4.356526099999999957e+01 -4.192385600000000068e+01
2.222446070000000020e+02 3.370423390000000268e+02 -4.509070700000000187e+01
2.645233799999999746e+02 2.386746899999999982e+02 5.267701999999999884e+00
2.567115969999999834e+02 2.396637560000000065e+02 -5.935804000000000080e+00
6.301648099999999886e+01 7.369588099999999997e+01 -4.448910300000000007e+01
2.482092059999999947e+02 2.762442500000000223e+02 3.453973899999999730e+01
2.588776879999999778e+02 2.246502590000000055e+02 1.110843999999999943e+00
-1.250886440000000022e+02 2.602517900000000139e+01 -3.271865600000000285e+01
2.660665349999999876e+02 2.465601450000000057e+02 1.939064799999999877e+01
-1.406655989999999861e+02 3.470392700000000019e+01 -2.058142000000000138e+01
-1.153481299999999976e+02 8.329553000000000651e+00 2.089188700000000054e+01
-1.970287319999999909e+02 1.970609640000000127e+02 -3.035955399999999926e+01
2.531247070000000008e+02 2.789383189999999786e+02 2.338362400000000108e+01
2.511907999999999959e+02 2.783118249999999989e+02 2.641589700000000107e+01
2.538520460000000014e+02 2.784023629999999798e+02 2.165068300000000079e+01
2.540979370000000017e+02 2.778370039999999790e+02 2.031306599999999918e+01
2.087694209999999941e+02 3.035212730000000079e+02 5.701933499999999810e+01
2.489285519999999963e+02 2.775130720000000224e+02 2.820331499999999991e+01
7.321337200000000678e+01 4.417802900000000221e+01 -2.326438299999999870e+01
2.115871600000000115e+02 3.105241409999999860e+02 -3.195403699999999958e+01
2.242146199999999823e+01 2.145302379999999971e+02 -6.380882799999999833e+01
2.539808879999999931e+02 2.752699759999999856e+02 1.878919899999999998e+01
-1.785428129999999953e+02 2.739058650000000057e+02 -1.550589300000000037e+01
-4.200685299999999955e+01 1.751134999999999877e+02 -6.490820600000000695e+01
5.001524500000000018e+01 1.288638420000000053e+02 -3.360533300000000168e+01
2.532307160000000010e+02 2.699003619999999728e+02 -2.420300699999999949e+01
2.534066840000000127e+02 2.730776809999999841e+02 1.844098999999999933e+01
2.600123699999999758e+02 2.785152330000000234e+02 1.465745300000000029e+01
2.115853999999999928e+02 3.105229079999999726e+02 3.195778599999999869e+01
2.058847910000000070e+02 3.232134889999999814e+02 -4.188841599999999943e+01
8.548417899999999747e+01 7.562552399999999864e+01 -2.688134300000000110e+01
-1.968999000000000024e+02 2.419826850000000036e+02 2.277336800000000139e+01
2.523399670000000015e+02 2.699857610000000250e+02 1.932291999999999987e+01
1.972831070000000011e+02 2.922188100000000190e+02 -5.401807500000000317e+01
-1.039798210000000012e+02 1.456973499999999966e+01 -3.023357599999999934e+01
-1.985188899999999990e+02 2.233742279999999880e+02 -8.938318999999999903e+00
3.617160799999999909e+01 1.365634249999999952e+02 -4.360396500000000231e+01
-1.760965689999999881e+02 8.003585599999999545e+01 -3.351505800000000335e+01
-1.639785850000000096e+02 6.987493299999999863e+01 -1.746356899999999968e+01
2.523627979999999980e+02 2.696323980000000233e+02 2.118027199999999866e+01
2.519880650000000060e+02 2.699003619999999728e+02 2.400494799999999884e+01
2.150823509999999885e+02 3.171540509999999813e+02 1.885202999999999918e+01
-1.207285009999999943e+02 1.158660639999999944e+02 -5.898505099999999857e+01
2.502065599999999961e+02 2.773768989999999803e+02 -9.970672999999999675e+00
2.510619859999999903e+02 2.704959380000000237e+02 2.616780999999999935e+01
8.100110599999999295e+01 1.511415000000000042e+01 -4.240809500000000298e+01
-1.013854649999999964e+02 1.688101839999999925e+02 -7.222099900000000616e+01
2.493040159999999901e+02 2.720013880000000199e+02 2.803841200000000100e+01
-2.645846599999999853e+02 2.513952519999999993e+02 -1.534452800000000039e+01
-5.030235600000000318e+01 1.624699119999999937e+02 -5.673130900000000310e+01
2.659605490000000145e+02 2.438621119999999962e+02 -1.636134900000000059e+01
1.155497969999999981e+02 1.054842499999999994e+01 -2.544615599999999844e+01
2.485884440000000097e+02 2.736033029999999826e+02 2.863765400000000128e+01
2.484478349999999978e+02 2.755836019999999849e+02 2.871642399999999995e+01
2.466282600000000116e+02 2.371275750000000073e+02 2.021050000000000069e-01
2.530570600000000070e+02 2.683551759999999717e+02 2.959120300000000015e+01
2.478854249999999979e+02 2.815752449999999953e+02 2.697612399999999866e+01
-1.191691620000000000e+02 7.392313999999999830e+00 -4.453023900000000168e+01
-1.704200260000000071e+02 1.956153270000000077e+02 -5.669809599999999961e+01
2.614596149999999852e+02 2.339348919999999907e+02 5.963681000000000232e+00
-1.425456020000000024e+02 4.958647500000000008e+01 -3.748341500000000082e+01
2.489971490000000074e+02 2.647467340000000036e+02 3.613925600000000316e+01
2.136831270000000131e+02 3.200865509999999858e+02 5.912420399999999887e+01
1.527569379999999910e+02 1.641308809999999880e+02 -2.382488599999999934e+01
2.414897090000000048e+02 3.087248260000000073e+02 4.780000000000000178e-04
2.397056179999999870e+02 2.531790770000000066e+02 4.114735799999999699e+01
2.593379749999999717e+02 2.886785360000000082e+02 -1.565462800000000065e+01
2.685710149999999885e+02 2.400345130000000040e+02 -1.837179999999999924e-01
2.109668399999999906e+02 3.246438400000000115e+02 -3.943097099999999955e+01
2.528224510000000009e+02 2.517254200000000139e+02 2.894346799999999931e+01
4.607675100000000157e+01 1.390082380000000057e+02 -4.620190600000000103e+01
2.682636580000000208e+02 2.388105889999999931e+02 -2.097531000000000034e+00
-4.781256079999999997e+02 2.330963739999999973e+02 7.649999999999999465e-04
2.576684510000000046e+02 2.588257209999999873e+02 2.363974699999999984e+01
2.562493390000000204e+02 2.678758260000000178e+02 1.435562000000000005e+01
-2.318722800000000106e+01 2.828066339999999741e+02 -2.648174399999999906e+01
-3.051563900000000018e+01 1.595546870000000013e+02 -5.861369200000000035e+01
2.489756720000000030e+02 2.829136040000000207e+02 -1.528727699999999956e+01
-6.870455699999999410e+01 2.734215159999999969e+02 -3.724069000000000074e+01
-1.717064279999999883e+02 1.467485299999999881e+02 -2.595971799999999874e+01
2.504797660000000121e+02 2.360722590000000025e+02 2.220802199999999971e+01
-1.419824130000000082e+02 8.191387600000000191e+01 -1.978910799999999881e+01
-1.191700519999999983e+02 7.392558000000000185e+00 4.453447800000000001e+01
2.677406659999999761e+02 2.737365689999999745e+02 3.717223000000000166e+00
-7.270398000000000138e+00 1.561749350000000049e+02 -5.890153600000000012e+01
1.386933080000000018e+02 2.765936199999999872e+02 -3.294352299999999900e+01
2.685282789999999977e+02 2.505155760000000100e+02 -1.692157200000000117e+01
2.478854210000000080e+02 2.815752449999999953e+02 -2.697394600000000153e+01
-1.305706570000000113e+02 1.175069200000000080e+01 4.804554900000000117e+01
8.640586600000000317e+01 8.717133699999999408e+01 -5.596976300000000037e+01
-1.456807599999999923e+02 1.754563330000000008e+02 -6.450703300000000695e+01
2.109672960000000046e+02 3.246446740000000091e+02 3.943336599999999947e+01
2.521501619999999946e+02 2.339024900000000002e+02 -1.674202199999999863e+01
-8.338206300000000226e+01 2.821259160000000179e+02 -3.031244600000000133e+01
2.122171910000000139e+02 3.183250639999999976e+02 3.251343500000000120e+01
-7.486018799999999374e+01 1.446612749999999892e+02 -5.576839799999999769e+01
7.565655599999999481e+01 1.473838300000000068e+01 -2.863391599999999926e+01
2.628546440000000075e+02 2.432253389999999911e+02 -8.457850000000000534e+00
2.288402340000000095e+02 3.107223169999999755e+02 -2.524525500000000022e+01
2.044986729999999966e+02 3.118271990000000073e+02 -5.799832500000000124e+01
-1.829149050000000045e+02 1.734329290000000015e+02 -8.797931999999999420e+00
2.667696100000000001e+02 2.461758910000000071e+02 1.899679799999999830e+01
1.882503470000000050e+02 2.980232209999999782e+02 -4.425052800000000275e+01
2.545564259999999877e+02 2.754177300000000059e+02 -3.010415300000000016e+01
1.888744259999999997e+02 2.836208219999999756e+02 -5.109437100000000243e+01
2.484242700000000070e+02 2.838993310000000179e+02 -1.927583699999999922e+01
2.415868529999999907e+02 2.385048480000000097e+02 5.991654999999999731e+00
-1.494022850000000062e+02 8.390746000000000038e+01 -4.690225199999999717e+01
-9.299420899999999790e+01 1.401353180000000123e+02 -2.040804100000000076e+01
2.738866080000000238e+02 2.476380010000000027e+02 4.369984999999999786e+00
2.732189159999999788e+02 2.547584840000000099e+02 3.917406999999999861e+00
2.761395150000000172e+02 2.577421289999999772e+02 5.713443999999999967e+00
9.646608899999999664e+01 1.619359000000000037e+01 -1.415987100000000076e+01
2.584001010000000065e+02 2.907898690000000101e+02 -1.522470500000000015e+01
2.690500519999999938e+02 2.485568769999999859e+02 1.844984300000000133e+01
2.493857089999999914e+02 2.680511240000000157e+02 2.804062300000000008e+01
-1.695078570000000013e+02 1.030161640000000034e+02 -3.531339499999999987e+01
2.510266290000000140e+02 2.700564449999999965e+02 1.055147999999999975e+01
2.599710989999999811e+02 2.895420760000000087e+02 1.547865200000000030e+01
1.733454499999999854e+01 2.869757769999999937e+02 7.349999999999999763e-04
-1.363145939999999996e+02 9.216813999999999396e+00 -4.113565599999999733e+01
2.746765859999999861e+02 2.513405730000000062e+02 -3.308952999999999811e+00
2.653981109999999717e+02 2.435639590000000112e+02 -1.621926900000000060e+01
2.610794099999999958e+02 2.427383790000000090e+02 2.418901699999999977e+01
2.635358929999999873e+02 3.041735259999999812e+02 -3.183997400000000155e+01
2.626465670000000046e+02 2.357557559999999910e+02 1.668128499999999903e+01
2.553052600000000041e+02 2.752699759999999856e+02 -1.749136499999999828e+01
-1.385143809999999860e+02 8.702325000000000088e+00 -2.667874899999999982e+01
2.607447730000000092e+02 2.433364899999999977e+02 7.444849999999999746e+00
-1.113395129999999966e+02 2.641913989999999899e+02 -5.140365400000000307e+01
-5.688373000000000346e+00 2.333083980000000111e+02 -6.071544600000000003e+01
7.134832699999999761e+01 6.245224600000000237e+01 -4.832346499999999878e+01
2.689809300000000007e+02 2.375132099999999866e+02 6.813158999999999743e+00
2.502065609999999936e+02 2.773768989999999803e+02 9.972851999999999606e+00
-1.449783009999999877e+02 5.075852100000000178e+01 -2.035740200000000044e+01
2.487761759999999924e+02 2.712990990000000124e+02 3.008937600000000145e+01
2.593116749999999797e+02 2.335522740000000113e+02 1.230727199999999932e+01
-1.665318389999999908e+02 8.273995200000000239e+01 -1.983578699999999984e+01
2.694654229999999870e+02 2.468833480000000122e+02 -1.403358500000000042e+01
1.970861150000000066e+02 3.078763030000000072e+02 -5.288266500000000292e+01
2.668520310000000109e+02 2.431045839999999885e+02 7.200000000000000453e-04
2.551882119999999929e+02 2.784023629999999798e+02 -2.117367799999999889e+01
2.288402869999999893e+02 3.107221440000000143e+02 2.524766800000000089e+01
-1.322106349999999964e+02 2.586022000000000176e+01 -2.116879499999999936e+01
5.247624600000000328e+01 1.244043499999999938e+02 -5.338360899999999987e+01
2.511090780000000109e+02 2.671014559999999847e+02 -1.308392800000000022e+01
2.599828630000000089e+02 2.884407610000000091e+02 -1.562297200000000075e+01
-1.956690289999999948e+02 1.944034120000000030e+02 -1.749354599999999849e+01
-1.893976000000000113e+02 1.777012279999999862e+02 -1.866405400000000014e+01
2.480495669999999961e+02 2.834289479999999912e+02 2.338141699999999901e+01
9.342605100000000107e+01 4.118658200000000136e+01 -4.099305400000000077e+01
-9.896805999999999770e+00 2.530406069999999943e+02 -5.251713500000000323e+01
2.593144139999999993e+02 2.895369079999999826e+02 -1.567450299999999963e+01
-1.785428110000000004e+02 2.739058650000000057e+02 1.550738999999999912e+01
2.525269380000000012e+02 2.783118249999999989e+02 -2.730743000000000009e+01
2.528877929999999878e+02 2.342291299999999978e+02 1.680270499999999956e+01
-3.342276199999999875e+01 1.238122630000000015e+02 -1.242872200000000049e+01
-3.819596730000000093e+02 2.307627860000000055e+02 -1.051316100000000020e+01
2.504030309999999986e+02 2.321553619999999967e+02 4.137908000000000364e+00
4.844499900000000281e+01 2.136056049999999971e+02 -6.357473399999999941e+01
2.564138629999999921e+02 2.704437639999999874e+02 1.363100000000000023e+01
2.506401539999999954e+02 2.720013880000000199e+02 -2.939372900000000044e+01
2.576690720000000283e+02 2.588255980000000136e+02 -2.363693699999999964e+01
-1.437066320000000132e+02 6.842606800000000078e+01 -2.138771200000000050e+01
-4.496698180000000207e+02 2.385678880000000106e+02 -1.519407400000000052e+01
-1.311502969999999948e+02 2.360996099999999842e+01 -4.429999500000000268e+01
2.658515600000000063e+02 2.348274570000000097e+02 7.570780000000000065e+00
2.638381830000000150e+02 2.370726369999999861e+02 -1.088076999999999961e+00
-4.486084349999999858e+02 2.463111989999999878e+02 -1.422138600000000075e+01
-1.153480650000000054e+02 8.329523000000000010e+00 -2.088967699999999894e+01
2.668165329999999926e+02 2.317294689999999946e+02 -1.597185999999999995e+00
4.101265200000000277e+01 1.278788449999999983e+02 -2.998632999999999882e+01
2.578182370000000105e+02 2.380177319999999952e+02 -7.279310999999999865e+00
2.525744530000000054e+02 2.275284279999999910e+02 1.017646900000000088e+01
-6.940959200000000351e+01 1.779691919999999925e+02 -6.130069699999999955e+01
-1.529639420000000030e+02 3.828957900000000336e+01 -1.913974999999999937e+01
2.662653020000000197e+02 2.429934330000000102e+02 -3.010943000000000147e+00
-1.749792119999999898e+02 7.808901000000000181e+01 -2.378428699999999907e+01
1.422806459999999902e+02 2.491463259999999877e+02 -4.917750000000000199e+01
2.295565019999999947e+02 2.237633380000000045e+02 6.766231000000000328e+00
7.715409800000000473e+01 8.004972399999999766e+01 -2.508425499999999886e+01
-1.399053639999999916e+02 1.513030499999999989e+01 -1.800141599999999897e+01
2.113801880000000040e+02 2.175378069999999866e+02 9.843858000000000885e+00
1.881726219999999898e+02 2.054370849999999962e+02 -1.841377900000000167e+01
2.644837709999999902e+02 2.430788320000000056e+02 7.200000000000000453e-04
2.051556129999999882e+02 2.177782730000000129e+02 1.898972799999999950e+01
-8.430816500000000246e+01 1.394933780000000070e+02 -6.255513100000000293e+01
1.899700579999999945e+02 2.060414519999999925e+02 1.635626099999999994e+01
2.274448730000000012e+02 2.267324230000000114e+02 1.638161600000000107e+01
1.765342119999999966e+02 1.925822560000000010e+02 1.566150799999999954e+01
-1.669853669999999966e+02 1.247438020000000023e+02 -2.976241999999999877e+01
1.637452059999999960e+02 1.691660840000000121e+02 2.863198000000000132e+00
2.346002760000000080e+02 2.419699139999999886e+02 3.435321700000000078e+01
2.057429510000000050e+02 2.243577679999999930e+02 2.854866099999999918e+01
-1.547176179999999874e+02 1.202912340000000029e+02 -5.275615400000000221e+01
6.969669500000000539e+01 2.747804399999999987e+02 -3.965368899999999996e+01
1.779612189999999998e+02 2.017531370000000095e+02 -2.674165299999999945e+01
5.468707799999999963e+01 1.243138220000000018e+02 -9.860158999999999452e+00
-1.626337799999999945e+01 2.148598890000000097e+02 -6.620145100000000582e+01
1.462713129999999921e+02 1.546919880000000092e+02 -2.084625199999999978e+01
1.946167560000000094e+02 3.133925409999999943e+02 -2.712322199999999839e+01
1.435100309999999979e+02 2.180946450000000141e+02 -5.249137300000000295e+01
2.509449370000000101e+02 2.652470509999999990e+02 1.668007800000000174e+01
-1.526321330000000103e+02 3.533107700000000051e+01 -4.102116900000000044e+01
-1.137112400000000036e+02 8.090617999999999199e+00 2.889050100000000043e+01
1.028470810000000029e+02 1.183108859999999964e+02 3.148221399999999903e+01
8.648508699999999294e+01 1.053312499999999972e+02 2.735165299999999888e+01
1.847933930000000089e+02 2.672848890000000210e+02 -5.246583799999999798e+01
-1.305699070000000006e+02 1.175037900000000057e+01 -4.804383299999999934e+01
2.661600470000000200e+02 2.460190780000000075e+02 -1.907118300000000133e+01
9.468206700000000353e+01 1.049570829999999972e+02 3.434273799999999710e+01
9.765867000000000075e+01 1.016657019999999960e+02 4.463589300000000293e+01
-9.274981000000000364e+00 2.877185620000000199e+02 -1.521290899999999979e+01
8.548441900000000260e+01 7.561822200000000294e+01 2.688291900000000112e+01
2.258833689999999876e+02 3.092473439999999982e+02 2.759343300000000099e+01
9.494499500000000580e+01 1.024375160000000022e+02 5.394304499999999791e+01
2.510266269999999906e+02 2.700564449999999965e+02 -1.054709399999999953e+01
2.595956350000000157e+02 2.898453680000000077e+02 1.542638299999999951e+01
8.640597400000000050e+01 8.718218699999999899e+01 5.597561600000000226e+01
9.322937899999999445e+01 8.001050499999999488e+01 4.810948299999999733e+01
2.653163920000000076e+02 2.334953999999999894e+02 2.456576000000000093e+00
-1.035346599999999917e+01 1.194320550000000054e+02 -1.347113700000000058e+01
1.179451399999999950e+02 2.550121029999999962e+02 -5.059535600000000244e+01
7.979489499999999680e+01 5.832905199999999724e+01 4.934576700000000216e+01
7.134787699999999688e+01 6.245213999999999999e+01 4.832483599999999768e+01
8.715059800000000223e+01 5.549614600000000308e+01 4.748774300000000181e+01
8.950771000000000299e+01 2.572397530000000074e+02 -5.409804199999999952e+01
9.342642999999999631e+01 4.118656699999999660e+01 4.099550299999999936e+01
2.634084599999999909e+02 2.958486009999999737e+02 3.567216599999999715e+01
9.512720500000000357e+01 6.514891699999999730e+01 3.792989699999999686e+01
9.193206899999999848e+01 6.856238999999999351e+01 3.172515100000000032e+01
8.669869500000000073e+01 4.929151199999999733e+01 2.321412700000000129e+01
-1.267894710000000060e+02 2.896024249999999824e+02 7.439999999999999782e-04
9.342275600000000679e+01 3.988844900000000138e+01 2.639014099999999985e+01
9.659008699999999692e+01 3.685738700000000279e+01 3.302367900000000134e+01
2.207212309999999889e+02 3.214405760000000214e+02 2.819047199999999975e+01
2.379567150000000026e+02 2.358393399999999929e+02 -5.268767999999999674e+00
9.004621600000000115e+01 3.509485999999999706e+01 4.466162099999999668e+01
-1.100998900000000020e+02 1.304862050000000124e+02 -1.737903000000000020e+01
-2.074294219999999882e+02 2.346940270000000055e+02 -1.287552100000000088e+01
8.266195399999999438e+01 3.593071400000000182e+01 4.624450300000000169e+01
-8.214015399999999545e+01 1.399181409999999914e+02 -3.919872800000000268e+01
-3.615872519999999781e+02 2.464607640000000117e+02 -1.466739300000000057e+01
1.142061499999999938e+02 2.795390330000000176e+02 -2.579017800000000094e+01
9.483460900000000038e+01 2.334453600000000151e+01 4.579937199999999820e+01
-1.544879699999999900e+02 2.182008879999999920e+02 -6.067368299999999692e+01
9.765908500000000458e+01 1.016684060000000045e+02 -4.463480400000000259e+01
-1.641375580000000127e+02 1.567452370000000030e+02 -5.562988899999999859e+01
-1.076846780000000052e+02 2.322274399999999872e+01 -2.908213800000000049e+01
-1.128078220000000016e+02 1.543321800000000010e+01 -1.719148900000000069e+01
2.057429140000000132e+02 2.243579719999999895e+02 -2.854683100000000096e+01
8.307213000000000136e+01 1.909831780000000094e+02 -7.008172199999999918e+01
-1.137111809999999963e+02 8.090652999999999651e+00 -2.888690300000000022e+01
7.198479700000000037e+01 4.264245600000000280e+01 4.348555400000000049e+01
-8.430776000000000181e+01 1.727251029999999901e+02 -7.129375600000000190e+01
-1.031459640000000064e+02 2.708448639999999727e+02 -4.331832500000000152e+01
7.979578300000000013e+01 5.832186899999999952e+01 -4.934223599999999976e+01
-1.608738060000000019e+02 9.055418799999999635e+01 -4.456331500000000290e+01
7.564522999999999797e+01 2.700391700000000128e+01 2.139718900000000090e+01
-1.248791120000000063e+02 2.870817890000000148e+02 -1.739196000000000097e+01
7.321337499999999920e+01 4.417802900000000221e+01 2.326879200000000125e+01
1.189278979999999990e+02 1.323854719999999929e+02 -2.787136999999999887e+01
6.774038899999999330e+01 4.383290800000000331e+01 3.374067300000000103e+01
-1.522083859999999902e+02 7.215051800000000526e+01 -1.679322600000000065e+01
-1.968999029999999948e+02 2.419826850000000036e+02 -2.277187199999999834e+01
6.486556899999999359e+01 4.764556900000000184e+01 3.644181999999999988e+01
2.595956330000000207e+02 2.898453680000000077e+02 -1.542494199999999971e+01
4.361500300000000152e+01 1.753167789999999968e+02 -6.056011800000000278e+01
6.999388299999999674e+01 6.767647700000000555e+01 -2.659479100000000074e+01
6.677962499999999579e+01 4.923633800000000349e+01 4.189179899999999890e+01
1.059146620000000070e+02 2.063836200000000076e+01 -4.822676299999999827e+01
1.059148100000000028e+02 2.063836900000000085e+01 4.822895199999999960e+01
-3.634929970000000026e+02 2.519144919999999956e+02 -8.678406999999999982e+00
1.105532429999999948e+02 1.776778900000000050e+01 4.330223600000000062e+01
-1.466980059999999924e+02 1.143203759999999960e+02 -1.613224900000000162e+01
1.128759819999999934e+02 2.391989500000000035e+01 4.014875500000000130e+01
8.803940699999999708e+01 3.641356199999999887e+01 -1.796224099999999879e+01
1.175939960000000042e+02 1.279244929999999982e+02 -4.109658199999999795e+01
2.052506909999999891e+02 3.202741169999999897e+02 -5.155051900000000131e+01
9.786324600000000373e+01 1.069637400000000049e+01 -4.669189399999999779e+01
1.141874729999999971e+02 2.503523200000000060e+01 3.361156799999999834e+01
1.675650630000000092e+02 2.192740870000000086e+02 -4.326459899999999692e+01
1.024488079999999997e+02 1.486019760000000076e+02 -6.596948600000000340e+01
8.242643999999999949e+01 3.500614399999999904e+01 -1.672533999999999921e+01
1.086481940000000037e+02 1.079857600000000062e+01 -4.238663700000000034e+01
2.074520700000000062e+01 1.910744469999999922e+02 -6.603720900000000427e+01
1.149525110000000012e+02 2.559623799999999960e+01 2.598368999999999929e+01
-1.219832880000000017e+02 1.208451099999999911e+01 -1.566676900000000039e+01
-1.717193010000000015e+02 6.605520799999999326e+01 -3.383514600000000172e+01
2.044980569999999886e+02 3.118264389999999935e+02 5.799947600000000136e+01
1.199309379999999976e+02 1.602274999999999849e+01 -3.347001600000000110e+01
2.593144159999999943e+02 2.895369079999999826e+02 1.567667999999999928e+01
9.121856499999999812e+01 2.745728260000000205e+02 -4.099719999999999942e+01
2.101353259999999921e+02 2.432180940000000078e+02 -4.867727899999999863e+01
2.683405779999999936e+02 2.510412259999999947e+02 1.714607000000000170e+01
-1.291923309999999958e+02 9.908290599999999415e+01 -5.159947600000000278e+01
2.595485100000000216e+02 2.882589270000000283e+02 -1.576873299999999922e+01
1.011332740000000001e+02 2.735275800000000146e+01 2.681652300000000011e+01
2.628546450000000050e+02 2.432253389999999911e+02 8.460025999999999158e+00
1.088055599999999998e+02 2.272437499999999844e+01 1.619714799999999855e+01
2.321873199999999926e+01 2.534308289999999886e+02 -5.119901000000000124e+01
-1.748030860000000075e+02 2.558807810000000131e+02 -4.238191400000000186e+01
1.366423399999999901e+02 2.829040279999999825e+02 -2.333211500000000171e+01
9.864588299999999776e+01 2.701814299999999847e+01 3.698260599999999698e+01
6.140965400000000329e+01 1.279951769999999982e+02 -1.833058499999999924e+01
-1.044970399999999984e+02 9.930986000000000757e+00 3.911057600000000178e+01
2.042783630000000130e+02 3.172108989999999835e+02 2.073699600000000132e+01
6.775100600000000384e+01 2.369863029999999924e+02 -6.110488600000000048e+01
8.997828900000000374e+01 7.148787999999999698e+00 -3.020738800000000168e+01
2.646126140000000078e+02 2.429124429999999961e+02 -5.988743000000000372e+00
2.656557710000000156e+02 2.442058979999999906e+02 1.682657299999999978e+01
9.421704900000000293e+01 2.515237499999999926e+01 -1.758070199999999872e+01
1.006769029999999958e+02 1.537067799999999984e+01 -4.964194400000000229e+01
2.597598029999999767e+02 2.888603709999999865e+02 -1.550591999999999970e+01
-1.419817700000000116e+02 8.191454799999999636e+01 1.979133300000000162e+01
-1.405768720000000087e+02 6.776630199999999604e+01 2.822573999999999828e+01
-1.437070009999999911e+02 6.842618299999999465e+01 2.138922600000000074e+01
-5.934254000000000140e+00 1.724626619999999946e+02 -6.468634400000000539e+01
-1.337031059999999911e+02 2.161604710000000011e+02 -6.536702300000000321e+01
2.613308000000000106e+02 2.433519349999999974e+02 6.353113999999999706e+00
-1.400430560000000071e+02 5.078986199999999940e+01 2.955556100000000086e+01
-1.328377049999999997e+02 2.982439600000000013e+01 2.966239300000000156e+01
-1.431552199999999964e+01 2.931390049999999974e+02 7.370000000000000249e-04
2.489756739999999979e+02 2.829136040000000207e+02 1.528945700000000052e+01
2.610796629999999823e+02 2.427397550000000024e+02 -2.418770699999999962e+01
-1.519803990000000056e+02 1.389427210000000059e+02 1.284245899999999985e+01
9.004682499999999834e+01 3.509284499999999696e+01 -4.466001899999999836e+01
-1.466986890000000017e+02 1.143243870000000015e+02 1.613390599999999964e+01
1.159011820000000057e+02 1.767075639999999908e+02 -6.349731500000000040e+01
-1.492843599999999924e+02 9.852364900000000603e+01 1.902536800000000028e+01
1.972829580000000078e+02 2.922182250000000181e+02 5.402027499999999804e+01
2.482836920000000021e+02 2.750079089999999837e+02 3.060690599999999861e+01
-1.544154120000000034e+02 8.197109100000000126e+01 1.793440899999999871e+01
2.678127349999999751e+02 2.507931159999999977e+02 -1.727493399999999824e+01
-1.522081819999999936e+02 7.215019599999999400e+01 1.679467199999999849e+01
-1.449773849999999982e+02 5.075748999999999711e+01 2.036023700000000147e+01
2.620220249999999851e+02 2.433114679999999908e+02 8.975343999999999767e+00
-1.406670159999999896e+02 3.471178599999999648e+01 2.058609900000000081e+01
-2.339070200000000099e+01 1.916767580000000066e+02 -6.807761600000000612e+01
9.427936200000000611e+01 1.290491419999999891e+02 -8.243574999999999875e+00
8.363508699999999862e+01 1.312222350000000120e+02 -1.969856700000000060e+01
9.341088200000000086e+01 1.215036429999999967e+02 -2.432520299999999835e+01
-1.660245380000000068e+02 1.169718610000000041e+02 -4.184400200000000325e+01
2.167115070000000117e+02 3.293850830000000087e+02 3.640429499999999763e+01
5.067190899999999942e+01 1.571400629999999978e+02 -5.694553599999999705e+01
2.657146589999999833e+02 2.334100009999999941e+02 7.200000000000000453e-04
2.088792870000000050e+02 3.230472980000000121e+02 3.309011100000000027e+01
7.564654799999999568e+01 2.699816699999999869e+01 -2.139541300000000135e+01
2.058847729999999956e+02 3.232134669999999801e+02 4.189057100000000133e+01
-1.009654369999999943e+02 1.198362189999999998e+02 -5.916507899999999864e+01
6.774060799999999460e+01 4.383223300000000222e+01 -3.373747699999999838e+01
2.300836299999999994e+02 3.062674440000000118e+02 -2.833637099999999975e+01
2.052512020000000064e+02 3.202745029999999815e+02 5.155338499999999868e+01
1.970882790000000000e+02 3.078789719999999761e+02 5.288660099999999886e+01
2.563642229999999813e+02 2.683634749999999940e+02 -2.341440000000000055e+01
9.646508699999999692e+01 1.619381299999999868e+01 1.416140200000000071e+01
2.664549640000000181e+02 2.729775559999999928e+02 -5.640019999999999811e+00
1.104565920000000006e+02 1.527177000000000007e+01 1.408600400000000086e+01
2.372647330000000068e+02 2.362287890000000061e+02 2.915947000000000067e+00
1.156157840000000050e+02 1.750234400000000079e+01 2.047506100000000018e+01
7.682046699999999362e+01 1.425779200000000024e+01 -3.748163000000000267e+01
-2.511182509999999866e+02 2.597375099999999861e+02 -8.946649000000000740e+00
1.203026810000000069e+02 1.601107299999999967e+01 2.901004100000000108e+01
1.203626679999999993e+02 1.469486200000000053e+01 3.788554700000000253e+01
-8.891509399999999630e+01 2.951546319999999923e+02 7.420000000000000380e-04
1.092559030000000035e+02 1.245869099999999996e+01 4.751146200000000164e+01
-1.173177230000000009e+02 1.015567159999999944e+02 -2.483240999999999943e+01
1.006770769999999970e+02 1.537081000000000053e+01 4.964423000000000030e+01
-8.264368699999999990e+01 1.386953699999999969e+02 -1.322304300000000055e+01
8.979605300000000057e+01 1.671603599999999901e+01 4.762882299999999702e+01
8.100096000000000629e+01 1.511764800000000086e+01 4.241346999999999667e+01
7.682057799999999759e+01 1.425829500000000039e+01 3.748438199999999654e+01
7.565641800000000217e+01 1.473887599999999942e+01 2.863542500000000146e+01
-1.258827619999999996e+02 2.421324700000000121e+02 -6.257528400000000346e+01
8.536617800000000500e+01 1.473301700000000025e+01 1.788437400000000110e+01
1.086483070000000026e+02 1.079815199999999997e+01 4.238833999999999946e+01
1.953818949999999859e+02 2.375266540000000077e+02 -4.626007100000000349e+01
2.383667770000000132e+02 2.346526550000000100e+02 -4.994177999999999784e+00
9.786083899999999858e+01 1.069607899999999923e+01 4.669400399999999962e+01
2.698173259999999800e+02 2.476003800000000012e+02 -1.435087500000000027e+01
2.597598049999999716e+02 2.888603709999999865e+02 1.550956900000000083e+01
2.088790539999999964e+02 3.230470070000000078e+02 -3.308778399999999920e+01
1.145227079999999944e+02 9.567095000000000127e+00 3.567616399999999999e+01
2.509449349999999868e+02 2.652470509999999990e+02 -1.667863600000000091e+01
2.495969990000000109e+02 2.806256040000000098e+02 -1.201869399999999999e+01
1.155496550000000013e+02 1.054842499999999994e+01 2.544828299999999999e+01
2.630322409999999991e+02 2.333589949999999931e+02 -1.029684600000000039e+01
9.995109399999999766e+01 9.926740999999999815e+00 2.312664300000000139e+01
7.028342299999999909e+01 2.570277300000000196e+02 -5.458170299999999742e+01
1.058469730000000055e+02 1.066730899999999949e+01 1.526019499999999951e+01
2.613308000000000106e+02 2.433519349999999974e+02 -6.350937000000000054e+00
2.583176510000000121e+02 2.913405119999999897e+02 -1.482570199999999971e+01
8.997837300000000482e+01 7.148835000000000051e+00 3.020907000000000053e+01
1.893351979999999912e+02 2.034543089999999950e+02 -5.493653000000000119e+00
2.500070320000000095e+02 2.657571990000000142e+02 -2.477280400000000071e+01
2.497839720000000057e+02 2.755836019999999849e+02 -3.026756200000000163e+01
1.377208219999999983e+02 1.482331540000000132e+02 -4.228475699999999904e+01
8.116455299999999795e+01 8.762907999999999475e+00 3.281986899999999707e+01
4.034205599999999947e+01 2.777075939999999719e+02 -2.310866499999999846e+01
8.266224900000000275e+01 3.593055600000000283e+01 -4.624304000000000059e+01
2.082758680000000027e+02 2.546236010000000078e+02 -5.479790599999999756e+01
-8.127320899999999426e+01 2.496138039999999876e+02 -5.168693900000000241e+01
2.650933329999999728e+02 2.439077460000000031e+02 1.668302200000000113e+01
9.659028800000000103e+01 3.685684400000000238e+01 -3.302031000000000205e+01
2.694654249999999820e+02 2.468833480000000122e+02 1.403576100000000082e+01
2.167109629999999925e+02 3.293817540000000008e+02 -3.639759500000000259e+01
-2.031873249999999871e+02 2.279520540000000040e+02 6.830000000000000134e-04
2.251959730000000093e+02 3.141567699999999945e+02 1.888300600000000173e+01
-2.074287309999999991e+02 2.346939900000000137e+02 1.287752500000000033e+01
2.190683099999999968e+02 3.367348700000000008e+02 5.535200199999999882e+01
2.246033759999999972e+02 3.290080839999999966e+02 3.928287900000000121e+01
2.779594660000000204e+02 2.580416769999999929e+02 -4.052359000000000044e+00
-2.291763300000000072e+02 2.285217389999999966e+02 8.350000000000000217e-04
-2.066075179999999989e+02 2.447921949999999924e+02 2.013943300000000036e+01
-2.036262920000000065e+02 2.569544280000000072e+02 1.913184400000000096e+01
-4.652748439999999732e+02 2.513469320000000096e+02 -8.077014999999999390e+00
6.890016900000000533e+01 2.788573289999999929e+02 -2.621568100000000001e+01
-1.082513990000000064e+02 1.633151799999999909e+01 -2.391176499999999905e+01
1.128464460000000003e+02 2.342683729999999969e+02 -5.881172899999999970e+01
2.046760449999999878e+02 3.117672840000000178e+02 -4.101643200000000178e+01
-2.694038820000000101e+02 2.325053609999999935e+02 1.092565500000000078e+01
-1.155928399999999954e+02 1.373150099999999973e+01 -4.886857100000000287e+01
-2.631749199999999860e+02 2.419423690000000136e+02 1.679486500000000149e+01
-1.121289770000000061e+02 2.111867000000000161e+01 -4.246242800000000273e+01
-2.511205420000000004e+02 2.597372669999999744e+02 8.948988999999999194e+00
-2.462208630000000085e+02 2.641984219999999937e+02 7.529999999999999801e-04
-1.635023630000000026e+02 7.016661200000000065e+01 -4.296814799999999934e+01
2.580246650000000272e+02 2.910777150000000120e+02 -1.510986300000000071e+01
2.489961639999999932e+02 2.647447450000000231e+02 -3.613683100000000081e+01
-2.645832589999999982e+02 2.513954359999999895e+02 1.534626199999999940e+01
1.274991289999999964e+02 1.363815899999999885e+02 -4.072261100000000056e+01
-5.707804500000000303e+01 1.320168409999999994e+02 -1.226013799999999954e+01
9.342283399999999460e+01 3.988803599999999960e+01 -2.638791799999999910e+01
2.666760929999999803e+02 2.467162280000000010e+02 -1.931411800000000056e+01
2.623150380000000155e+02 2.339348919999999907e+02 -6.639515000000000278e+00
-1.129170569999999998e+02 2.490724000000000160e+01 -3.346927699999999817e+01
2.357408570000000054e+02 2.943919369999999844e+02 -3.936364900000000233e+01
1.368999970000000133e+02 1.468285480000000121e+02 -2.781611399999999890e+01
2.652474879999999757e+02 2.993669039999999768e+02 -3.384832899999999967e+01
1.533708220000000040e+02 2.918915660000000116e+02 -2.126252500000000012e+01
-1.912279550000000086e+02 1.775592460000000017e+02 -3.257641100000000023e+01
-1.355815310000000125e+02 8.266383000000000436e+01 -2.475570799999999849e+01
-3.570755720000000224e+02 2.382096410000000049e+02 1.593412299999999959e+01
-8.625459499999999480e+01 1.269748390000000029e+02 -4.248572000000000060e+01
-1.230261069999999961e+02 1.821198599999999956e+01 -1.522956699999999941e+01
-3.362440240000000244e+02 2.564783580000000143e+02 7.569999999999999689e-04
-3.819667309999999816e+02 2.307628019999999935e+02 1.051534599999999919e+01
-3.263489230000000134e+02 2.264438719999999989e+02 8.819999999999999715e-04
-3.635065200000000232e+02 2.519139409999999941e+02 8.680647999999999698e+00
2.650933309999999778e+02 2.439077460000000031e+02 -1.668084500000000148e+01
2.584001030000000014e+02 2.907898690000000101e+02 1.522614599999999996e+01
2.566965260000000058e+02 2.811181910000000244e+02 1.836146499999999904e+01
2.482836880000000122e+02 2.750079089999999837e+02 -3.060472499999999840e+01
4.768306599999999662e+01 2.353799789999999916e+02 -5.980407900000000154e+01
-5.485039799999999843e+01 1.372753040000000055e+02 -2.561275099999999938e+01
-7.216790500000000463e+01 1.967442880000000116e+02 -6.474110199999999793e+01
2.258851899999999944e+02 3.092477460000000065e+02 -2.759083199999999891e+01
-1.064527089999999987e+02 9.116505000000000081e+00 3.012952699999999950e+01
-3.930402990000000045e+02 2.542872230000000116e+02 7.050000000000000060e-04
1.116521419999999978e+02 2.813281470000000013e+02 9.650451999999999586e+00
2.564130690000000072e+02 2.704440900000000170e+02 -1.362779399999999974e+01
-1.920345560000000091e+02 2.163588770000000068e+02 -4.206683000000000305e+01
2.479671170000000018e+02 2.786195250000000101e+02 2.951295599999999908e+01
-4.115557029999999941e+02 2.277028119999999944e+02 7.600000000000000418e-04
-3.616038919999999735e+02 2.464602390000000014e+02 1.466949800000000081e+01
-4.496767950000000269e+02 2.385681480000000079e+02 1.519579099999999983e+01
-1.976034429999999986e+02 2.675997889999999870e+02 -1.058113600000000076e+01
2.592925960000000032e+02 2.392707870000000128e+02 5.794303000000000203e+00
4.114237399999999667e+01 2.809556450000000041e+02 -6.612645999999999802e+00
2.372647320000000093e+02 2.362287890000000061e+02 -2.918184000000000111e+00
-4.479500620000000026e+02 2.320275509999999883e+02 9.840178999999999121e+00
-4.647964810000000284e+02 2.303475559999999973e+02 6.980000000000000527e-04
-9.372648399999999924e+01 1.347243599999999901e+02 -2.836912699999999887e+01
1.156157170000000036e+02 1.750233100000000164e+01 -2.047229899999999958e+01
2.611548349999999914e+02 2.433416569999999979e+02 8.376839000000000368e+00
-4.489788209999999822e+02 2.515000190000000089e+02 8.415096999999999383e+00
-4.649643580000000043e+02 2.535395410000000140e+02 7.529999999999999801e-04
2.665711870000000090e+02 2.501164400000000114e+02 -2.049157900000000154e+01
2.381208860000000129e+02 2.338539020000000050e+02 -2.875485999999999986e+00
7.198465400000000614e+01 4.264192100000000352e+01 -4.348357200000000233e+01
2.056307789999999898e+02 2.878904860000000099e+02 -5.462252199999999647e+01
2.511090790000000084e+02 2.671014559999999847e+02 1.308757800000000060e+01
2.646510160000000269e+02 2.385245150000000081e+02 -5.074213000000000306e+00
-1.979210040000000106e+02 2.122610219999999970e+02 -1.400578199999999995e+01
-7.603289700000000551e+01 1.760698830000000044e+02 -6.792989199999999528e+01
-4.769765820000000076e+02 2.343430820000000097e+02 8.607144999999999158e+00
-4.938803300000000007e+01 2.961705190000000130e+02 7.389999999999999651e-04
-4.654914880000000039e+02 2.462755260000000135e+02 1.385158599999999929e+01
-4.732381990000000087e+02 2.397756689999999935e+02 1.358784400000000048e+01
-4.814725549999999998e+02 2.434184620000000052e+02 9.138517999999999475e+00
-4.840404429999999820e+02 2.418105140000000119e+02 -4.261057000000000095e+00
1.628742900000000020e+02 1.705011670000000095e+02 -1.111384999999999934e+01
-4.746141690000000040e+02 2.456673040000000015e+02 -1.254534999999999911e+01
-4.754075369999999907e+02 2.504134569999999940e+02 6.661721000000000004e+00
8.780789900000000614e+01 2.120905640000000005e+02 -6.794315699999999936e+01
2.662653020000000197e+02 2.429934330000000102e+02 3.012382999999999811e+00
-4.783603650000000016e+02 2.497311479999999904e+02 -4.088118999999999836e+00
1.159642889999999937e+02 2.114984400000000164e+01 -4.042179099999999892e+01
-6.865682200000000535e+01 1.640999520000000018e+02 -5.381991399999999715e+01
2.122174929999999904e+02 3.183254820000000223e+02 -3.251180999999999699e+01
2.190679829999999981e+02 3.367344929999999863e+02 -5.535060399999999703e+01
-5.352258499999999941e+01 2.321557339999999954e+02 -6.110656000000000176e+01
2.632175839999999880e+02 2.335763760000000104e+02 7.200000000000000453e-04
2.692784510000000182e+02 2.473228400000000136e+02 1.440458100000000030e+01
9.365727499999999850e+01 1.314223189999999875e+02 -6.541080999999999790e+01
9.322956899999999791e+01 8.001872000000000185e+01 -4.810940000000000083e+01
2.596891200000000026e+02 2.892387560000000235e+02 -1.572603499999999954e+01
2.626419470000000160e+02 2.393177760000000092e+02 2.696342000000000017e+00
2.274456099999999878e+02 2.267340839999999957e+02 -1.638063400000000058e+01
-1.096301500000000040e+01 1.245197189999999949e+02 -3.016153399999999962e+01
-1.487567170000000090e+02 1.457427069999999958e+02 -7.542031999999999847e+00
1.379757449999999892e+02 1.772308740000000000e+02 -5.415901300000000163e+01
7.483301199999999653e+01 1.019151930000000021e+02 -6.257413300000000334e+01
-1.509959489999999960e+02 6.335911000000000115e+01 -4.343840200000000351e+01
2.580246670000000222e+02 2.910777150000000120e+02 1.511130400000000051e+01
-1.036524700000000010e+01 1.345779719999999884e+02 -4.512783199999999795e+01
-5.451102999999999810e+01 2.137219230000000039e+02 -6.634565600000000529e+01
1.889588620000000105e+02 3.076976920000000177e+02 -3.473307700000000153e+01
2.680004670000000147e+02 2.502682529999999872e+02 -1.704966599999999843e+01
-1.498159499999999866e+02 1.708523100000000028e+01 -3.735912199999999928e+01
2.685282809999999927e+02 2.505155760000000100e+02 1.692374699999999876e+01
-2.003576820000000112e+02 2.315607489999999871e+02 -1.357639600000000080e+01
2.639912869999999998e+02 2.430736929999999916e+02 2.852634999999999810e+00
2.589621389999999792e+02 2.358319850000000031e+02 9.046922999999999604e+00
-1.400429540000000088e+02 5.078998700000000355e+01 -2.955220600000000175e+01
2.660665319999999952e+02 2.465601450000000057e+02 -1.938847000000000165e+01
-1.804185610000000111e+02 1.634548939999999959e+02 -2.303542099999999948e+01
2.545551800000000071e+02 2.754194279999999821e+02 3.010706199999999910e+01
2.473214820000000032e+02 2.749801330000000235e+02 -3.465721200000000124e+01
2.683405750000000012e+02 2.510412259999999947e+02 -1.714463200000000143e+01
-8.907437299999999425e+01 1.971384860000000003e+02 -7.082163599999999803e+01
-1.459101220000000012e+02 1.588879999999999981e+01 -4.208438900000000160e+01
2.692784490000000233e+02 2.473228400000000136e+02 -1.440019700000000036e+01
2.484242729999999995e+02 2.838993310000000179e+02 1.927801499999999990e+01
1.155597589999999997e+02 1.310425720000000069e+02 -1.375714000000000103e+00
1.003971109999999953e+02 1.333147199999999941e+02 -1.860296999999999912e+01
1.392293380000000127e+02 1.393720720000000028e+02 6.970000000000000284e-04
1.154487979999999965e+02 1.373157850000000053e+02 -1.904614300000000071e+01
2.383667770000000132e+02 2.346673839999999984e+02 4.995620999999999867e+00
2.652476189999999860e+02 2.993669600000000059e+02 3.385049399999999764e+01
2.626466970000000174e+02 2.357560900000000004e+02 -1.668001100000000037e+01
8.648622600000000205e+01 1.053346499999999963e+02 -2.734866999999999848e+01
7.605715899999999863e+01 1.047046189999999939e+02 -2.428280499999999975e+01
1.028470769999999987e+02 1.183108859999999964e+02 -3.148075499999999849e+01
1.506935229999999990e+02 2.937215949999999793e+02 -7.098181000000000296e+00
2.207207280000000083e+02 3.214406599999999798e+02 -2.818934399999999840e+01
9.468223700000000065e+01 1.049572150000000050e+02 -3.434074100000000129e+01
