1e-08
1.0093306e-08
1.0186613e-08
1.0279919e-08
1.0373225e-08
1.0466532e-08
1.0559838e-08
1.0653145e-08
1.0746451e-08
1.0896431e-08
1.104641e-08
1.119639e-08
1.1346369e-08
1.1505301e-08
1.1664232e-08
1.1823164e-08
1.1982095e-08
1.21536e-08
1.2325105e-08
1.2496609e-08
1.2668114e-08
1.2853317e-08
1.303852e-08
1.3223722e-08
1.3408925e-08
1.3609245e-08
1.3809564e-08
1.4009884e-08
1.4210203e-08
1.442723e-08
1.4644256e-08
1.4861282e-08
1.5078309e-08
1.5313838e-08
1.5549368e-08
1.5784897e-08
1.6020427e-08
1.6276494e-08
1.653256e-08
1.6788627e-08
1.7044694e-08
1.7323607e-08
1.760252e-08
1.7881433e-08
1.8160346e-08
1.8464733e-08
1.8769121e-08
1.9073509e-08
1.9377896e-08
1.9710759e-08
2.0043622e-08
2.0376485e-08
2.0709348e-08
2.1074122e-08
2.1438896e-08
2.180367e-08
2.2168444e-08
2.2569075e-08
2.2969706e-08
2.3370337e-08
2.3770968e-08
2.4212003e-08
2.4653038e-08
2.5094073e-08
2.5535108e-08
2.6021804e-08
2.6508499e-08
2.6995195e-08
2.7481891e-08
2.8020348e-08
2.8558804e-08
2.9097261e-08
2.9635717e-08
3.0233038e-08
3.0830358e-08
3.1427679e-08
3.2025e-08
3.268949e-08
3.335398e-08
3.401847e-08
3.468296e-08
3.5424369e-08
3.6165778e-08
3.6907187e-08
3.7648596e-08
3.8478419e-08
3.9308241e-08
4.0138064e-08
4.0967887e-08
4.1899736e-08
4.2831586e-08
4.3763436e-08
4.4695285e-08
4.5745361e-08
4.6795438e-08
4.7845514e-08
4.889559e-08
5.0083267e-08
5.1270943e-08
5.245862e-08
5.3646297e-08
5.4994867e-08
5.6343438e-08
5.7692009e-08
5.9040579e-08
6.0578207e-08
6.2115835e-08
6.3653463e-08
6.5191092e-08
6.6952031e-08
6.8712971e-08
7.0473911e-08
7.2234851e-08
7.4261028e-08
7.6287204e-08
7.8313381e-08
8.0339558e-08
8.268263e-08
8.5025702e-08
8.7368774e-08
8.9711846e-08
9.2435917e-08
9.5159989e-08
9.7884061e-08
1.0060813e-07
1.0379336e-07
1.0697859e-07
1.1016381e-07
1.1334904e-07
1.1709646e-07
1.2084388e-07
1.245913e-07
1.2833872e-07
1.327768e-07
1.3721488e-07
1.4165297e-07
1.4609105e-07
1.5138466e-07
1.5667827e-07
1.6197188e-07
1.6726549e-07
1.7362833e-07
1.7999117e-07
1.8635401e-07
1.9271685e-07
2.0042889e-07
2.0814094e-07
2.1585298e-07
2.2356502e-07
2.3299735e-07
2.4242967e-07
2.51862e-07
2.6129432e-07
2.7294495e-07
2.8459558e-07
2.962462e-07
3.0789683e-07
3.2244327e-07
3.3698972e-07
3.5153617e-07
3.6608261e-07
3.844603e-07
4.02838e-07
4.2121569e-07
4.3959338e-07
4.6311481e-07
4.8663624e-07
5.1015767e-07
5.336791e-07
5.6421858e-07
5.9475806e-07
6.2529754e-07
6.5583701e-07
6.9612353e-07
7.3641004e-07
7.7669656e-07
8.1698307e-07
8.7107578e-07
9.251685e-07
9.7926121e-07
1.0333539e-06
1.107435e-06
1.1815161e-06
1.2555972e-06
1.3296783e-06
1.433414e-06
1.5371498e-06
1.6408855e-06
1.7446213e-06
1.8935759e-06
2.0425305e-06
2.1914851e-06
2.3404397e-06
2.5605132e-06
2.7805867e-06
3.0006602e-06
3.2207337e-06
3.5566576e-06
3.8925815e-06
4.2285054e-06
4.5644293e-06
5.0967897e-06
5.6291502e-06
6.1615106e-06
6.6938711e-06
7.5749984e-06
8.4561258e-06
9.3372532e-06
1.0218381e-05
1.1752594e-05
1.3286808e-05
1.4821022e-05
1.6355236e-05
1.9189802e-05
2.2024368e-05
2.4858933e-05
2.7693499e-05
3.3292744e-05
3.8891989e-05
4.4491234e-05
5.0090479e-05
6.1582106e-05
7.3073734e-05
8.4565362e-05
9.6056989e-05
0.00011571849
0.00013537999
0.00015504149
0.000174703
0.00019995542
0.00022520784
0.00025046026
0.00027571268
0.00030492244
0.00033413221
0.00036334198
0.00039255174
0.00042747817
0.00046240461
0.00049733104
0.00053225747
0.00057395853
0.00061565958
0.00065736064
0.00069906169
0.00074803554
0.00079700939
0.00084598324
0.00089495709
0.00095164903
0.001008341
0.0010650329
0.0011217248
0.0011865586
0.0012513924
0.0013162262
0.00138106
0.0014544407
0.0015278213
0.001601202
0.0016745827
0.0017569011
0.0018392194
0.0019215377
0.002003856
0.0020954877
0.0021871193
0.0022787509
0.0023703826
0.0024716905
0.0025729985
0.0026743065
0.0027756145
0.0028869498
0.0029982851
0.0031096204
0.0032209557
0.0033426608
0.0034643659
0.003586071
0.0037077761
0.0038401814
0.0039725867
0.004104992
0.0042373972
0.0043808263
0.0045242553
0.0046676844
0.0048111134
0.0049658804
0.0051206474
0.0052754143
0.0054301813
0.005596592
0.0057630027
0.0059294134
0.0060958241
0.0062741794
0.0064525347
0.0066308899
0.0068092452
0.0069998388
0.0071904323
0.0073810258
0.0075716193
0.0077747372
0.007977855
0.0081809729
0.0083840908
0.0086000149
0.0088159391
0.0090318633
0.0092477875
0.0094767933
0.0097057991
0.0099348048
0.010163811
0.010406169
0.010648528
0.010890887
0.011133245
0.011389223
0.011645201
0.011901179
0.012157157
0.012427015
0.012696873
0.012966731
0.013236588
0.013520584
0.013804581
0.014088577
0.014372573
0.01467096
0.014969348
0.015267735
0.015566123
0.015879151
0.01619218
0.016505208
0.016818236
0.017146153
0.017474069
0.017801985
0.018129901
0.018472949
0.018815996
0.019159044
0.019502091
0.01986051
0.020218929
0.020577348
0.020935766
0.021309794
0.021683821
0.022057848
0.022431875
0.022821746
0.023211618
0.023601489
0.023991361
0.024397309
0.024803258
0.025209206
0.025615154
0.026037409
0.026459663
0.026881917
0.027304172
0.02774296
0.028181749
0.028620538
0.029059326
0.029514877
0.029970427
0.030425977
0.030881528
0.031354064
0.031826601
0.032299137
0.032771674
0.033261421
0.033751167
0.034240914
0.03473066
0.03523784
0.03574502
0.0362522
0.036759381
0.037284215
0.037809049
0.038333883
0.038858718
0.039401426
0.039944134
0.040486843
0.041029551
0.041590356
0.04215116
0.042711965
0.04327277
0.043851889
0.044431008
0.045010127
0.045589247
0.046186901
0.046784555
0.047382209
0.047979864
0.048596272
0.049212681
0.04982909
0.050445499
0.051080882
0.051716265
0.052351648
0.052987031
0.05364161
0.054296188
0.054950767
0.055605346
0.056279341
0.056953337
0.057627332
0.058301328
0.058994964
0.0596886
0.060382236
0.061075872
0.061789371
0.062502871
0.06321637
0.063929869
0.064663459
0.065397048
0.066130638
0.066864227
0.067618134
0.06837204
0.069125946
0.069879853
0.070654307
0.071428762
0.072203217
0.072977672
0.073772907
0.074568143
0.075363378
0.076158614
0.076974866
0.077791118
0.07860737
0.079423622
0.080261129
0.081098636
0.081936143
0.08277365
0.083632656
0.084491662
0.085350667
0.086209673
0.087090426
0.087971178
0.088851931
0.089732683
0.090635434
0.091538184
0.092440934
0.093343684
0.094268689
0.095193694
0.096118699
0.097043704
0.097991227
0.09893875
0.099886272
0.10083379
0.10180411
0.10277442
0.10374473
0.10471504
0.10570841
0.10670178
0.10769516
0.10868853
0.10970525
0.11072197
0.11173869
0.11275541
0.11379577
0.11483613
0.11587649
0.11691685
0.11798114
0.11904544
0.12010974
0.12117404
0.12226259
0.12335114
0.12443968
0.12552823
0.12664135
0.12775447
0.12886759
0.12998071
0.13111873
0.13225676
0.13339478
0.1345328
0.13569607
0.13685935
0.13802262
0.13918589
0.14037477
0.14156365
0.14275253
0.14394142
0.14515628
0.14637114
0.147586
0.14880087
0.1500421
0.15128334
0.15252458
0.15376582
0.15503384
0.15630186
0.15756988
0.1588379
0.16013313
0.16142836
0.16272359
0.16401882
0.16534171
0.16666461
0.1679875
0.16931039
0.17066142
0.17201245
0.17336347
0.1747145
0.17609416
0.17747382
0.17885349
0.18023315
0.18164197
0.1830508
0.18445962
0.18586845
0.18730699
0.18874554
0.19018409
0.19162264
0.1930915
0.19456036
0.19602923
0.19749809
0.19899791
0.20049772
0.20199754
0.20349735
0.20502879
0.20656024
0.20809168
0.20962312
0.21118691
0.21275071
0.2143145
0.2158783
0.21747522
0.21907214
0.22066906
0.22226598
0.22389687
0.22552776
0.22715865
0.22878954
0.2304553
0.23212106
0.23378682
0.23545258
0.23715419
0.23885581
0.24055742
0.24225904
0.24399758
0.24573612
0.24747465
0.24921319
0.25098983
0.25276646
0.25454309
0.25631972
0.25813573
0.25995174
0.26176775
0.26358376
0.26544056
0.26729736
0.26915417
0.27101097
0.27291014
0.27480931
0.27670848
0.27860765
0.28055094
0.28249423
0.28443752
0.28638081
0.28837018
0.29035956
0.29234894
0.29433832
0.29637602
0.29841372
0.30045142
0.30248911
0.30457768
0.30666624
0.3087548
0.31084336
0.31298571
0.31512807
0.31727042
0.31941277
0.32161232
0.32381187
0.32601142
0.32821097
0.33047173
0.33273249
0.33499325
0.33725401
0.33958078
0.34190755
0.34423432
0.34656109
0.34895971
0.35135833
0.35375694
0.35615556
0.35863327
0.36111098
0.36358869
0.3660664
0.36863243
0.37119847
0.37376451
0.37633054
0.37899706
0.38166358
0.38433009
0.38699661
0.38978031
0.392564
0.3953477
0.3981314
0.40105659
0.40398178
0.40690696
0.40983215
0.41293733
0.41604251
0.41914769
0.42225287
0.4256077
0.42896254
0.43231737
0.43567221
0.43943852
0.44320482
0.44697113
0.45073744
0.45501771
0.45929798
0.46357826
0.46785853
0.47219831
0.47653808
0.48087786
0.48521763
0.48894309
0.49266855
0.49639401
0.50011947
0.50359455
0.50706962
0.5105447
0.51401977
0.517353
0.52068622
0.52401945
0.52735267
0.53059127
0.53382987
0.53706847
0.54030707
0.5434773
0.54664752
0.54981775
0.55298797
0.55610639
0.55922481
0.56234322
0.56546164
0.56853955
0.57161746
0.57469537
0.57777328
0.58081884
0.5838644
0.58690996
0.58995552
0.59297485
0.59599417
0.5990135
0.60203282
0.60503064
0.60802846
0.61102629
0.61402411
0.61700419
0.61998426
0.62296434
0.62594442
0.62890978
0.63187515
0.63484052
0.63780588
0.64075904
0.6437122
0.64666536
0.64961851
0.65256154
0.65550457
0.6584476
0.66139064
0.6643253
0.66725996
0.67019462
0.67312928
0.67605707
0.67898487
0.68191266
0.68484045
0.68776267
0.69068489
0.6936071
0.69652932
0.69944708
0.70236484
0.7052826
0.70820035
0.71111463
0.71402891
0.71694319
0.71985747
0.72276914
0.7256808
0.72859246
0.73150413
0.73441393
0.73732374
0.74023354
0.74314335
0.74605197
0.7489606
0.75186922
0.75477785
0.7576859
0.76059395
0.763502
0.76641005
0.76931807
0.77222608
0.7751341
0.77804212
0.78095059
0.78385907
0.78676754
0.78967601
0.79258539
0.79549476
0.79840413
0.80131351
0.80422418
0.80713486
0.81004553
0.8129562
0.81586855
0.81878089
0.82169323
0.82460557
0.82751991
0.83043426
0.8333486
0.83626294
0.83917959
0.84209624
0.84501289
0.84792955
0.85084879
0.85376803
0.85668727
0.85960651
0.86252861
0.8654507
0.86837279
0.87129488
0.87422007
0.87714526
0.88007044
0.88299563
0.88592413
0.88885263
0.89178113
0.89470963
0.89764165
0.90057367
0.9035057
0.90643772
0.90937345
0.91230919
0.91524493
0.91818066
0.9211203
0.92405993
0.92699956
0.92993919
0.93288289
0.93582658
0.93877028
0.94171398
0.9446619
0.94760982
0.95055774
0.95350566
0.95645795
0.95941025
0.96236254
0.96531483
0.96827164
0.97122844
0.97418525
0.97714206
0.98010351
0.98306496
0.98602641
0.98898786
0.99195409
0.99492031
0.99788653
1.0008528
1.0038239
1.006795
1.0097661
1.0127372
1.0157133
1.0186895
1.0216656
1.0246417
1.0276229
1.0306042
1.0335854
1.0365666
1.0395531
1.0425395
1.045526
1.0485124
1.0515042
1.054496
1.0574878
1.0604795
1.0634767
1.0664739
1.0694711
1.0724682
1.0754709
1.0784736
1.0814763
1.084479
1.0874873
1.0904955
1.0935038
1.0965121
1.0995261
1.10254
1.105554
1.1085679
1.1115876
1.1146074
1.1176271
1.1206468
1.1236724
1.1266979
1.1297235
1.132749
1.1357805
1.138812
1.1418435
1.144875
1.1479125
1.1509499
1.1539874
1.1570249
1.1600684
1.163112
1.1661555
1.1691991
1.1722488
1.1752985
1.1783482
1.1813979
1.1844538
1.1875097
1.1905656
1.1936215
1.1966837
1.1997459
1.2028081
1.2058703
1.2089388
1.2120074
1.215076
1.2181445
1.2212195
1.2242945
1.2273694
1.2304444
1.2335259
1.2366074
1.2396888
1.2427703
1.2458583
1.2489464
1.2520344
1.2551224
1.2582171
1.2613118
1.2644064
1.2675011
1.2706024
1.2737038
1.2768051
1.2799065
1.2830146
1.2861227
1.2892308
1.2923389
1.2954539
1.2985688
1.3016837
1.3047987
1.3079205
1.3110423
1.3141641
1.317286
1.3204147
1.3235435
1.3266723
1.3298011
1.3329369
1.3360727
1.3392085
1.3423443
1.3454872
1.3486301
1.351773
1.3549158
1.3580659
1.3612159
1.364366
1.367516
1.3706733
1.3738306
1.3769878
1.3801451
1.3833096
1.3864742
1.3896387
1.3928033
1.3959752
1.3991471
1.402319
1.4054909
1.4086702
1.4118496
1.4150289
1.4182082
1.4213951
1.4245819
1.4277687
1.4309555
1.4341499
1.4373443
1.4405387
1.443733
1.4469351
1.4501371
1.4533391
1.4565411
1.4597508
1.4629605
1.4661703
1.46938
1.4725975
1.475815
1.4790325
1.4822499
1.4854753
1.4887006
1.491926
1.4951513
1.4983846
1.5016178
1.5048511
1.5080844
1.5113256
1.5145669
1.5178081
1.5210494
1.5242987
1.5275481
1.5307974
1.5340467
1.5373042
1.5405617
1.5438192
1.5470767
1.5503424
1.5536081
1.5568738
1.5601396
1.5634136
1.5666876
1.5699617
1.5732357
1.5765181
1.5798005
1.583083
1.5863654
1.5896563
1.5929472
1.5962381
1.599529
1.6028285
1.6061279
1.6094274
1.6127268
1.616035
1.6193431
1.6226512
1.6259593
1.6292762
1.632593
1.6359099
1.6392267
1.6425524
1.6458781
1.6492038
1.6525294
1.655864
1.6591986
1.6625333
1.6658679
1.6692115
1.6725551
1.6758987
1.6792423
1.6825951
1.6859478
1.6893005
1.6926533
1.6960152
1.6993772
1.7027391
1.706101
1.7094723
1.7128436
1.7162148
1.7195861
1.7229667
1.7263474
1.7297281
1.7331088
1.736499
1.7398892
1.7432793
1.7466695
1.7500694
1.7534692
1.756869
1.7602688
1.7636784
1.767088
1.7704975
1.7739071
1.7773265
1.7807459
1.7841654
1.7875848
1.7910142
1.7944436
1.797873
1.8013024
1.8047418
1.8081813
1.8116208
1.8150603
1.81851
1.8219597
1.8254094
1.8288591
1.8323191
1.8357791
1.8392391
1.8426992
1.8461697
1.8496402
1.8531107
1.8565812
1.8600623
1.8635434
1.8670245
1.8705056
1.8739974
1.8774892
1.880981
1.8844729
1.8879756
1.8914783
1.894981
1.8984837
1.9019975
1.9055113
1.9090251
1.9125389
1.9160639
1.9195889
1.923114
1.926639
1.9301754
1.9337118
1.9372483
1.9407847
1.9443326
1.9478806
1.9514286
1.9549765
1.9585362
1.9620959
1.9656556
1.9692152
1.9727868
1.9763583
1.9799298
1.9835014
1.987085
1.9906686
1.9942521
1.9978357
2.0014315
2.0050273
2.0086231
2.0122189
2.0158271
2.0194353
2.0230435
2.0266517
2.0302724
2.0338932
2.037514
2.0411347
2.0447683
2.0484018
2.0520353
2.0556689
2.0593154
2.0629619
2.0666084
2.0702549
2.0739146
2.0775743
2.0812339
2.0848936
2.0885667
2.0922397
2.0959128
2.0995858
2.1032725
2.1069591
2.1106457
2.1143324
2.1180329
2.1217333
2.1254338
2.1291342
2.1328487
2.1365633
2.1402778
2.1439923
2.1477211
2.1514498
2.1551786
2.1589074
2.1626507
2.166394
2.1701374
2.1738807
2.1776388
2.1813969
2.185155
2.1889131
2.1926862
2.1964593
2.2002325
2.2040056
2.207794
2.2115825
2.2153709
2.2191594
2.2229634
2.2267674
2.2305715
2.2343755
2.2381954
2.2420153
2.2458352
2.2496552
2.2534913
2.2573273
2.2611634
2.2649995
2.2688521
2.2727047
2.2765573
2.2804098
2.2842792
2.2881486
2.292018
2.2958874
2.2997739
2.3036604
2.307547
2.3114335
2.3153375
2.3192415
2.3231455
2.3270495
2.3309714
2.3348932
2.3388151
2.3427369
2.346677
2.350617
2.3545571
2.3584972
2.3624558
2.3664145
2.3703731
2.3743318
2.3783095
2.3822871
2.3862648
2.3902424
2.3942395
2.3982366
2.4022336
2.4062307
2.4102476
2.4142645
2.4182814
2.4222983
2.4263355
2.4303727
2.4344099
2.4384471
2.442505
2.446563
2.4506209
2.4546788
2.458758
2.4628372
2.4669164
2.4709956
2.4750965
2.4791974
2.4832983
2.4873992
2.4915224
2.4956456
2.4997687
2.5038919
2.5080379
2.5121839
2.5163299
2.5204759
2.5246452
2.5288146
2.5329839
2.5371533
2.5413466
2.5455399
2.5497332
2.5539265
2.5581444
2.5623623
2.5665802
2.5707981
2.5750412
2.5792843
2.5835274
2.5877705
2.5920395
2.5963084
2.6005774
2.6048464
2.6091419
2.6134375
2.617733
2.6220286
2.6263514
2.6306742
2.6349971
2.6393199
2.6436708
2.6480216
2.6523725
2.6567234
2.661103
2.6654827
2.6698624
2.674242
2.6786513
2.6830606
2.6874699
2.6918792
2.6963189
2.7007586
2.7051984
2.7096381
2.7141091
2.7185802
2.7230512
2.7275222
2.7320254
2.7365287
2.7410319
2.7455351
2.7500714
2.7546078
2.7591441
2.7636804
2.7682058
2.7727311
2.7772565
2.7817819
2.7862786
2.7907754
2.7952722
2.799769
2.8042381
2.8087071
2.8131762
2.8176453
2.8220876
2.8265298
2.8309721
2.8354144
2.8398308
2.8442472
2.8486636
2.85308
2.8574714
2.8618627
2.8662541
2.8706454
2.8750125
2.8793796
2.8837468
2.8881139
2.8924575
2.8968011
2.9011448
2.9054884
2.9098093
2.9141302
2.9184511
2.922772
2.9270708
2.9313697
2.9356685
2.9399674
2.9442448
2.9485223
2.9527998
2.9570773
2.9613341
2.9655908
2.9698476
2.9741044
2.9783411
2.9825778
2.9868145
2.9910512
2.9952685
2.9994858
3.0037031
3.0079203
3.0121188
3.0163173
3.0205158
3.0247143
3.0288946
3.0330749
3.0372552
3.0414355
3.0455983
3.049761
3.0539238
3.0580866
3.0622325
3.0663783
3.0705242
3.0746701
3.0787998
3.0829294
3.0870591
3.0911887
3.0953028
3.099417
3.1035311
3.1076452
3.1117445
3.1158439
3.1199432
3.1240426
3.1281279
3.1322132
3.1362985
3.1403839
3.1444561
3.1485282
3.1526004
3.1566726
3.1607326
3.1647926
3.1688526
3.1729125
3.1769614
3.1810102
3.185059
3.1891079
3.1931468
3.1971856
3.2012245
3.2052634
3.2092937
3.213324
3.2173544
3.2213847
3.225408
3.2294314
3.2334547
3.2374781
3.2414964
3.2455147
3.2495331
3.2535514
3.257567
3.2615826
3.2655982
3.2696138
3.2736295
3.2776453
3.281661
3.2856768
3.2896963
3.2937158
3.2977352
3.3017547
3.3057826
3.3098104
3.3138382
3.3178661
3.3219083
3.3259506
3.3299928
3.3340351
3.3381
3.3421649
3.3462299
3.3502948
3.3543941
3.3584934
3.3625927
3.366692
3.3708429
3.3749939
3.3791449
3.3832959
3.3875262
3.3917565
3.3959868
3.4002171
3.4045756
3.408934
3.4132924
3.4176509
3.4220867
3.4265226
3.4309585
3.4353943
3.4397005
3.4440067
3.4483128
3.452619
3.4567876
3.4609562
3.4651248
3.4692934
3.4733201
3.4773469
3.4813736
3.4854003
3.4892811
3.4931619
3.4970428
3.5009236
3.5045078
3.5080921
3.5116763
3.5152606
3.5185174
3.5217741
3.5250309
3.5282877
3.5312868
3.534286
3.5372851
3.5402843
3.5430688
3.5458533
3.5486378
3.5514223
3.554019
3.5566157
3.5592124
3.5618091
3.5642361
3.5666632
3.5690902
3.5715173
3.5737875
3.5760578
3.5783281
3.5805984
3.5827214
3.5848445
3.5869676
3.5890906
3.5910737
3.5930567
3.5950397
3.5970228
3.5988713
3.6007198
3.6025684
3.6044169
3.6061352
3.6078535
3.6095718
3.61129
3.6128813
3.6144726
3.6160639
3.6176552
3.6191219
3.6205886
3.6220553
3.6235221
3.624866
3.62621
3.6275539
3.6288978
3.6301201
3.6313424
3.6325647
3.633787
3.6348883
3.6359895
3.6370908
3.638192
3.6391721
3.6401523
3.6411324
3.6421126
3.6429709
3.6438292
3.6446875
3.6455459
3.6462807
3.6470155
3.6477504
3.6484852
3.6489609
3.6494367
3.6499125
3.6503882
3.6507587
3.6511291
3.6514996
3.65187
3.6521288
3.6523876
3.6526464
3.6529051
3.6530603
3.6532155
3.6533707
3.6535259
3.6535819
3.653638
3.653694
3.65375
